100
67 66 0 1 0 2 1 3 0 4 2 5 2 6 4 7 3 8 5 9 1 10 0 11 7 12 6 13 1 14 6 15 14 16 15 17 4 18 12 19 14 20 7 21 3 22 8 23 21 24 19 25 22 26 23 27 10 28 2 29 14 30 13 31 19 32 23 33 2 34 7 35 26 36 11 37 18 38 19 39 38 40 23 41 8 42 16 43 38 44 17 45 4 46 40 47 34 48 11 49 27 50 15 51 32 52 50 53 18 54 43 55 6 56 21 57 22 58 57 59 14 60 20 61 13 62 7 63 25 64 52 65 5 66
29 28 0 1 0 2 1 3 2 4 2 5 1 6 0 7 0 8 2 9 4 10 4 11 3 12 10 13 9 14 13 15 14 16 15 17 1 18 5 19 5 20 13 21 20 22 2 23 21 24 18 25 12 26 9 27 11 28
14 13 0 1 0 2 1 3 1 4 2 5 2 6 1 7 1 8 3 9 7 10 1 11 3 12 4 13
46 45 0 1 0 2 1 3 0 4 0 5 0 6 1 7 3 8 5 9 8 10 6 11 1 12 5 13 3 14 11 15 9 16 10 17 10 18 7 19 4 20 19 21 1 22 17 23 8 24 14 25 15 26 20 27 12 28 15 29 20 30 22 31 22 32 9 33 16 34 19 35 4 36 1 37 34 38 28 39 3 40 11 41 30 42 26 43 6 44 8 45
49 48 0 1 0 2 1 3 0 4 0 5 3 6 1 7 2 8 2 9 2 10 7 11 10 12 5 13 7 14 3 15 0 16 13 17 7 18 5 19 12 20 10 21 5 22 3 23 6 24 14 25 16 26 1 27 18 28 16 29 23 30 28 31 5 32 17 33 28 34 11 35 34 36 31 37 0 38 29 39 31 40 19 41 7 42 9 43 2 44 26 45 17 46 14 47 12 48
7 6 0 1 0 2 0 3 0 4 0 5 2 6
33 32 0 1 0 2 0 3 0 4 0 5 0 6 3 7 6 8 1 9 2 10 5 11 3 12 2 13 12 14 13 15 1 16 4 17 13 18 11 19 5 20 9 21 8 22 0 23 20 24 17 25 20 26 20 27 20 28 13 29 27 30 13 31 25 32
6 5 0 1 0 2 1 3 1 4 0 5
25 24 0 1 0 2 0 3 1 4 3 5 3 6 5 7 1 8 4 9 3 10 6 11 1 12 3 13 11 14 4 15 9 16 12 17 1 18 12 19 2 20 18 21 3 22 6 23 10 24
5 4 0 1 0 2 1 3 1 4
96 95 0 1 0 2 1 3 0 4 1 5 1 6 2 7 2 8 0 9 4 10 7 11 1 12 0 13 0 14 1 15 1 16 1 17 7 18 16 19 13 20 2 21 11 22 21 23 1 24 20 25 17 26 25 27 21 28 21 29 5 30 2 31 15 32 21 33 16 34 17 35 22 36 2 37 8 38 10 39 35 40 8 41 12 42 12 43 17 44 33 45 33 46 8 47 16 48 5 49 20 50 48 51 3 52 19 53 5 54 0 55 38 56 12 57 36 58 50 59 44 60 56 61 23 62 10 63 55 64 44 65 29 66 52 67 54 68 64 69 53 70 58 71 10 72 33 73 34 74 63 75 57 76 51 77 2 78 9 79 12 80 12 81 1 82 10 83 13 84 44 85 84 86 46 87 47 88 26 89 57 90 77 91 89 92 8 93 12 94 68 95
13 12 0 1 0 2 1 3 2 4 2 5 4 6 5 7 6 8 6 9 6 10 8 11 7 12
57 56 0 1 0 2 1 3 2 4 2 5 1 6 4 7 1 8 0 9 8 10 8 11 0 12 0 13 1 14 7 15 0 16 7 17 1 18 12 19 13 20 5 21 5 22 8 23 22 24 4 25 18 26 24 27 10 28 26 29 20 30 22 31 15 32 7 33 9 34 33 35 13 36 33 37 35 38 31 39 10 40 39 41 11 42 24 43 8 44 6 45 40 46 28 47 28 48 35 49 29 50 29 51 15 52 12 53 38 54 4 55 31 56
30 29 0 1 0 2 1 3 0 4 3 5 4 6 1 7 4 8 2 9 4 10 8 11 2 12 10 13 7 14 10 15 3 16 10 17 11 18 14 19 14 20 5 21 5 22 16 23 3 24 17 25 2 26 1 27 0 28 21 29
95 94 0 1 0 2 1 3 0 4 0 5 4 6 2 7 5 8 4 9 0 10 5 11 8 12 8 13 6 14 1 15 14 16 9 17 0 18 2 19 7 20 4 21 16 22 13 23 12 24 20 25 15 26 0 27 11 28 11 29 0 30 29 31 26 32 31 33 24 34 24 35 25 36 30 37 12 38 35 39 30 40 38 41 23 42 29 43 34 44 21 45 36 46 17 47 4 48 47 49 33 50 39 51 8 52 1 53 14 54 39 55 54 56 5 57 51 58 33 59 47 60 56 61 43 62 51 63 0 64 49 65 54 66 45 67 2 68 5 69 23 70 3 71 57 72 11 73 15 74 51 75 18 76 42 77 53 78 2 79 5 80 4 81 71 82 2 83 38 84 78 85 29 86 9 87 15 88 57 89 71 90 60 91 59 92 4 93 17 94
56 55 0 1 0 2 0 3 2 4 0 5 1 6 1 7 6 8 4 9 7 10 7 11 3 12 0 13 9 14 9 15 5 16 3 17 3 18 15 19 2 20 1 21 15 22 19 23 8 24 13 25 10 26 21 27 18 28 6 29 25 30 25 31 18 32 11 33 10 34 13 35 12 36 16 37 32 38 11 39 1 40 36 41 7 42 40 43 23 44 32 45 36 46 12 47 38 48 46 49 28 50 41 51 13 52 28 53 1 54 53 55
97 96 0 1 0 2 1 3 0 4 1 5 2 6 2 7 0 8 0 9 6 10 3 11 4 12 10 13 4 14 10 15 1 16 1 17 1 18 15 19 8 20 13 21 8 22 19 23 19 24 1 25 24 26 25 27 7 28 25 29 16 30 2 31 7 32 11 33 26 34 31 35 13 36 19 37 27 38 36 39 17 40 39 41 3 42 12 43 7 44 35 45 27 46 27 47 5 48 8 49 7 50 35 51 2 52 48 53 4 54 24 55 37 56 32 57 39 58 10 59 23 60 36 61 25 62 55 63 42 64 37 65 40 66 6 67 52 68 67 69 17 70 61 71 70 72 58 73 49 74 44 75 32 76 48 77 28 78 19 79 67 80 48 81 5 82 57 83 62 84 79 85 59 86 57 87 60 88 71 89 68 90 45 91 33 92 70 93 88 94 0 95 23 96
15 14 0 1 0 2 0 3 1 4 0 5 0 6 3 7 6 8 1 9 7 10 2 11 4 12 0 13 8 14
26 25 0 1 0 2 0 3 2 4 3 5 4 6 1 7 4 8 6 9 5 10 6 11 8 12 7 13 4 14 6 15 5 16 14 17 16 18 10 19 0 20 16 21 12 22 4 23 18 24 17 25
96 95 0 1 0 2 1 3 2 4 1 5 3 6 5 7 5 8 5 9 7 10 8 11 2 12 7 13 5 14 9 15 10 16 7 17 11 18 4 19 5 20 15 21 14 22 1 23 21 24 21 25 13 26 5 27 1 28 25 29 0 30 0 31 25 32 18 33 3 34 11 35 20 36 22 37 15 38 3 39 17 40 19 41 19 42 32 43 36 44 36 45 1 46 30 47 21 48 28 49 14 50 28 51 36 52 50 53 26 54 50 55 37 56 49 57 26 58 13 59 20 60 18 61 11 62 1 63 7 64 42 65 30 66 21 67 16 68 29 69 54 70 1 71 26 72 36 73 69 74 10 75 16 76 28 77 66 78 63 79 63 80 76 81 23 82 36 83 12 84 3 85 6 86 49 87 32 88 21 89 10 90 44 91 77 92 54 93 62 94 25 95
1 0
51 50 0 1 0 2 1 3 0 4 0 5 0 6 3 7 1 8 7 9 1 10 5 11 10 12 8 13 10 14 5 15 12 16 14 17 4 18 0 19 12 20 10 21 3 22 20 23 18 24 3 25 10 26 20 27 3 28 26 29 19 30 10 31 23 32 1 33 13 34 4 35 18 36 30 37 3 38 9 39 3 40 20 41 5 42 27 43 27 44 38 45 1 46 18 47 15 48 36 49 34 50
33 32 0 1 0 2 0 3 1 4 2 5 4 6 1 7 4 8 5 9 4 10 3 11 2 12 9 13 7 14 9 15 10 16 6 17 14 18 3 19 13 20 4 21 12 22 7 23 2 24 6 25 22 26 20 27 18 28 16 29 13 30 13 31 19 32
47 46 0 1 0 2 0 3 2 4 1 5 2 6 4 7 6 8 4 9 3 10 5 11 5 12 6 13 11 14 4 15 4 16 7 17 4 18 2 19 6 20 17 21 13 22 9 23 22 24 20 25 24 26 24 27 23 28 22 29 18 30 2 31 24 32 7 33 23 34 28 35 22 36 23 37 29 38 25 39 1 40 37 41 19 42 35 43 41 44 30 45 8 46
30 29 0 1 0 2 1 3 0 4 0 5 4 6 5 7 0 8 7 9 4 10 8 11 1 12 2 13 1 14 4 15 14 16 2 17 10 18 16 19 17 20 2 21 9 22 18 23 21 24 18 25 23 26 18 27 13 28 21 29
55 54 0 1 0 2 0 3 0 4 0 5 1 6 3 7 0 8 7 9 5 10 9 11 5 12 11 13 4 14 0 15 12 16 0 17 4 18 5 19 10 20 12 21 10 22 19 23 6 24 9 25 20 26 18 27 18 28 20 29 3 30 9 31 26 32 29 33 20 34 28 35 16 36 14 37 16 38 17 39 18 40 36 41 21 42 1 43 23 44 28 45 36 46 18 47 14 48 43 49 30 50 46 51 16 52 35 53 22 54
72 71 0 1 0 2 1 3 2 4 3 5 2 6 0 7 3 8 6 9 1 10 5 11 6 12 2 13 4 14 11 15 9 16 4 17 8 18 3 19 14 20 8 21 12 22 2 23 22 24 19 25 18 26 12 27 1 28 6 29 17 30 11 31 10 32 20 33 14 34 9 35 27 36 7 37 16 38 18 39 17 40 37 41 14 42 7 43 27 44 27 45 24 46 22 47 7 48 12 49 27 50 29 51 28 52 33 53 26 54 34 55 40 56 6 57 34 58 28 59 40 60 20 61 3 62 23 63 7 64 41 65 38 66 28 67 43 68 60 69 8 70 19 71
94 93 0 1 0 2 1 3 2 4 2 5 2 6 1 7 4 8 4 9 1 10 9 11 3 12 10 13 2 14 6 15 10 16 11 17 8 18 3 19 15 20 6 21 19 22 4 23 6 24 3 25 7 26 25 27 13 28 13 29 16 30 18 31 16 32 6 33 0 34 8 35 2 36 28 37 5 38 28 39 31 40 23 41 22 42 8 43 14 44 43 45 0 46 11 47 46 48 4 49 12 50 47 51 27 52 41 53 11 54 14 55 7 56 41 57 45 58 21 59 8 60 53 61 26 62 32 63 21 64 35 65 2 66 60 67 30 68 45 69 10 70 48 71 66 72 36 73 57 74 72 75 8 76 16 77 20 78 42 79 71 80 27 81 74 82 81 83 31 84 69 85 56 86 60 87 58 88 37 89 12 90 63 91 77 92 62 93
18 17 0 1 0 2 1 3 1 4 0 5 4 6 3 7 1 8 6 9 4 10 5 11 1 12 5 13 1 14 10 15 1 16 4 17
62 61 0 1 0 2 0 3 0 4 2 5 0 6 3 7 2 8 7 9 0 10 1 11 3 12 8 13 5 14 9 15 0 16 15 17 4 18 16 19 13 20 0 21 14 22 20 23 3 24 23 25 7 26 1 27 3 28 24 29 17 30 16 31 28 32 24 33 15 34 21 35 23 36 22 37 15 38 32 39 16 40 36 41 37 42 6 43 37 44 32 45 32 46 17 47 0 48 8 49 44 50 28 51 4 52 27 53 4 54 33 55 40 56 49 57 6 58 38 59 7 60 46 61
92 91 0 1 0 2 1 3 0 4 1 5 0 6 2 7 6 8 3 9 6 10 8 11 0 12 6 13 12 14 10 15 5 16 6 17 3 18 11 19 16 20 0 21 4 22 5 23 20 24 6 25 24 26 16 27 14 28 24 29 15 30 22 31 3 32 27 33 13 34 9 35 7 36 9 37 13 38 32 39 15 40 39 41 35 42 26 43 9 44 10 45 2 46 4 47 33 48 7 49 29 50 23 51 20 52 11 53 0 54 13 55 40 56 17 57 10 58 21 59 37 60 38 61 26 62 27 63 41 64 1 65 24 66 40 67 43 68 12 69 40 70 1 71 53 72 66 73 45 74 0 75 39 76 29 77 19 78 72 79 40 80 79 81 66 82 56 83 80 84 3 85 56 86 59 87 27 88 39 89 84 90 62 91
20 19 0 1 0 2 1 3 2 4 0 5 3 6 4 7 5 8 4 9 2 10 8 11 1 12 11 13 2 14 10 15 4 16 2 17 14 18 4 19
68 67 0 1 0 2 0 3 1 4 2 5 0 6 3 7 1 8 5 9 6 10 7 11 2 12 9 13 3 14 1 15 8 16 4 17 4 18 2 19 10 20 18 21 5 22 20 23 18 24 23 25 14 26 11 27 9 28 2 29 20 30 26 31 5 32 28 33 17 34 9 35 34 36 24 37 17 38 32 39 19 40 35 41 29 42 20 43 34 44 28 45 28 46 17 47 27 48 43 49 9 50 30 51 24 52 48 53 26 54 21 55 36 56 9 57 52 58 15 59 42 60 28 61 56 62 38 63 9 64 35 65 56 66 18 67
34 33 0 1 0 2 1 3 1 4 1 5 1 6 1 7 3 8 1 9 5 10 7 11 8 12 3 13 9 14 12 15 8 16 14 17 4 18 5 19 12 20 4 21 12 22 5 23 5 24 5 25 23 26 25 27 13 28 15 29 21 30 15 31 14 32 21 33
1 0
21 20 0 1 0 2 0 3 0 4 1 5 3 6 0 7 4 8 2 9 7 10 7 11 1 12 8 13 6 14 4 15 13 16 15 17 16 18 0 19 12 20
60 59 0 1 0 2 1 3 1 4 0 5 2 6 3 7 4 8 3 9 0 10 5 11 2 12 5 13 0 14 0 15 3 16 12 17 8 18 12 19 5 20 0 21 12 22 15 23 22 24 14 25 2 26 14 27 25 28 6 29 10 30 15 31 23 32 15 33 1 34 27 35 16 36 30 37 8 38 1 39 2 40 1 41 7 42 35 43 25 44 42 45 13 46 26 47 35 48 35 49 3 50 15 51 34 52 44 53 50 54 18 55 24 56 28 57 7 58 35 59
47 46 0 1 0 2 1 3 0 4 1 5 3 6 5 7 4 8 3 9 3 10 8 11 7 12 0 13 0 14 0 15 4 16 7 17 13 18 8 19 5 20 16 21 5 22 10 23 17 24 4 25 17 26 11 27 25 28 6 29 15 30 25 31 16 32 16 33 1 34 21 35 8 36 1 37 31 38 33 39 31 40 39 41 13 42 26 43 17 44 3 45 31 46
11 10 0 1 0 2 1 3 0 4 3 5 1 6 4 7 6 8 6 9 6 10
97 96 0 1 0 2 0 3 0 4 2 5 2 6 4 7 3 8 4 9 2 10 6 11 9 12 4 13 6 14 10 15 5 16 12 17 3 18 3 19 3 20 14 21 13 22 21 23 2 24 2 25 8 26 12 27 7 28 0 29 17 30 17 31 7 32 22 33 6 34 21 35 17 36 28 37 10 38 35 39 12 40 7 41 27 42 16 43 17 44 14 45 35 46 39 47 26 48 43 49 46 50 32 51 28 52 12 53 16 54 47 55 4 56 2 57 27 58 13 59 37 60 37 61 44 62 13 63 27 64 28 65 39 66 38 67 36 68 63 69 9 70 49 71 57 72 23 73 13 74 55 75 20 76 14 77 29 78 25 79 46 80 40 81 13 82 32 83 51 84 52 85 23 86 66 87 53 88 58 89 83 90 38 91 11 92 69 93 61 94 25 95 45 96
31 30 0 1 0 2 1 3 0 4 3 5 2 6 5 7 4 8 4 9 7 10 4 11 5 12 2 13 0 14 12 15 0 16 0 17 5 18 8 19 0 20 6 21 16 22 15 23 18 24 5 25 18 26 3 27 10 28 19 29 20 30
12 11 0 1 0 2 0 3 0 4 0 5 3 6 5 7 3 8 0 9 6 10 7 11
12 11 0 1 0 2 0 3 2 4 3 5 4 6 2 7 5 8 1 9 6 10 2 11
16 15 0 1 0 2 1 3 0 4 0 5 1 6 3 7 6 8 1 9 3 10 7 11 10 12 10 13 11 14 2 15
19 18 0 1 0 2 0 3 1 4 2 5 1 6 0 7 1 8 1 9 6 10 3 11 1 12 5 13 6 14 0 15 8 16 12 17 2 18
86 85 0 1 0 2 1 3 2 4 1 5 4 6 2 7 4 8 7 9 8 10 1 11 10 12 9 13 4 14 5 15 5 16 6 17 0 18 11 19 12 20 8 21 5 22 18 23 9 24 4 25 23 26 18 27 9 28 13 29 1 30 20 31 20 32 13 33 25 34 4 35 24 36 22 37 29 38 10 39 11 40 8 41 30 42 21 43 5 44 8 45 9 46 2 47 6 48 47 49 12 50 38 51 37 52 29 53 31 54 24 55 12 56 43 57 32 58 31 59 41 60 44 61 55 62 21 63 1 64 30 65 37 66 19 67 51 68 17 69 23 70 16 71 49 72 52 73 40 74 73 75 30 76 16 77 45 78 46 79 56 80 26 81 80 82 55 83 54 84 41 85
14 13 0 1 0 2 0 3 0 4 0 5 4 6 2 7 6 8 1 9 4 10 0 11 3 12 1 13
6 5 0 1 0 2 0 3 1 4 2 5
6 5 0 1 0 2 0 3 0 4 2 5
18 17 0 1 0 2 0 3 1 4 0 5 3 6 3 7 2 8 4 9 6 10 4 11 8 12 6 13 6 14 12 15 0 16 12 17
93 92 0 1 0 2 0 3 2 4 3 5 0 6 2 7 1 8 2 9 6 10 7 11 10 12 5 13 9 14 7 15 8 16 11 17 13 18 10 19 14 20 6 21 9 22 18 23 4 24 16 25 16 26 11 27 25 28 26 29 3 30 20 31 24 32 16 33 7 34 30 35 15 36 1 37 9 38 8 39 32 40 30 41 27 42 35 43 5 44 22 45 44 46 45 47 24 48 39 49 6 50 24 51 11 52 18 53 33 54 0 55 26 56 4 57 19 58 6 59 52 60 52 61 13 62 39 63 39 64 60 65 34 66 63 67 52 68 35 69 31 70 2 71 44 72 65 73 27 74 26 75 44 76 54 77 18 78 50 79 48 80 49 81 5 82 28 83 71 84 58 85 32 86 32 87 79 88 40 89 37 90 88 91 38 92
16 15 0 1 0 2 0 3 1 4 2 5 4 6 3 7 2 8 0 9 2 10 4 11 7 12 9 13 10 14 9 15
53 52 0 1 0 2 0 3 1 4 3 5 2 6 3 7 6 8 1 9 1 10 4 11 2 12 6 13 10 14 4 15 0 16 11 17 7 18 6 19 12 20 6 21 6 22 5 23 3 24 12 25 1 26 20 27 18 28 2 29 1 30 24 31 20 32 30 33 23 34 12 35 0 36 2 37 10 38 9 39 27 40 17 41 11 42 19 43 6 44 14 45 42 46 27 47 20 48 14 49 40 50 9 51 43 52
10 9 0 1 0 2 1 3 1 4 3 5 2 6 3 7 4 8 7 9
59 58 0 1 0 2 1 3 0 4 0 5 3 6 3 7 4 8 1 9 0 10 1 11 5 12 7 13 12 14 9 15 4 16 13 17 9 18 2 19 18 20 17 21 8 22 8 23 0 24 2 25 12 26 25 27 17 28 0 29 27 30 22 31 5 32 31 33 27 34 15 35 2 36 22 37 7 38 35 39 19 40 5 41 11 42 37 43 19 44 10 45 40 46 45 47 19 48 24 49 29 50 46 51 7 52 3 53 24 54 35 55 22 56 20 57 27 58
45 44 0 1 0 2 0 3 2 4 0 5 2 6 4 7 4 8 7 9 4 10 4 11 5 12 3 13 6 14 11 15 0 16 13 17 9 18 12 19 11 20 7 21 12 22 15 23 9 24 23 25 17 26 11 27 24 28 3 29 3 30 4 31 22 32 21 33 14 34 20 35 14 36 29 37 30 38 6 39 32 40 22 41 37 42 30 43 19 44
60 59 0 1 0 2 1 3 1 4 3 5 1 6 5 7 1 8 1 9 4 10 0 11 5 12 10 13 2 14 0 15 11 16 5 17 14 18 12 19 0 20 2 21 6 22 16 23 8 24 22 25 4 26 14 27 5 28 9 29 19 30 23 31 9 32 3 33 32 34 7 35 12 36 1 37 14 38 37 39 31 40 35 41 16 42 5 43 17 44 9 45 31 46 3 47 21 48 8 49 2 50 43 51 31 52 28 53 21 54 31 55 16 56 27 57 42 58 20 59
5 4 0 1 0 2 1 3 1 4
42 41 0 1 0 2 1 3 2 4 1 5 2 6 2 7 1 8 0 9 4 10 9 11 8 12 4 13 12 14 7 15 14 16 4 17 5 18 17 19 2 20 8 21 19 22 11 23 1 24 3 25 5 26 23 27 24 28 26 29 3 30 23 31 7 32 10 33 29 34 19 35 20 36 21 37 3 38 9 39 35 40 9 41
89 88 0 1 0 2 0 3 2 4 2 5 2 6 2 7 1 8 0 9 0 10 5 11 7 12 2 13 6 14 13 15 7 16 11 17 14 18 17 19 12 20 8 21 9 22 16 23 21 24 21 25 17 26 16 27 24 28 27 29 13 30 4 31 30 32 6 33 28 34 29 35 26 36 31 37 5 38 2 39 28 40 12 41 16 42 37 43 15 44 37 45 40 46 10 47 36 48 40 49 1 50 0 51 37 52 42 53 52 54 36 55 43 56 53 57 10 58 46 59 21 60 22 61 6 62 20 63 17 64 6 65 5 66 30 67 15 68 4 69 13 70 60 71 24 72 16 73 35 74 11 75 31 76 58 77 35 78 1 79 10 80 19 81 55 82 27 83 76 84 4 85 11 86 16 87 14 88
30 29 0 1 0 2 0 3 1 4 0 5 4 6 4 7 3 8 7 9 4 10 3 11 7 12 2 13 12 14 9 15 13 16 7 17 5 18 6 19 12 20 17 21 3 22 13 23 4 24 0 25 5 26 21 27 8 28 5 29
34 33 0 1 0 2 0 3 1 4 3 5 2 6 1 7 2 8 2 9 1 10 2 11 6 12 10 13 7 14 9 15 11 16 7 17 7 18 5 19 12 20 6 21 12 22 19 23 2 24 23 25 19 26 9 27 23 28 0 29 23 30 8 31 26 32 5 33
8 7 0 1 0 2 1 3 2 4 3 5 1 6 3 7
12 11 0 1 0 2 0 3 0 4 0 5 2 6 3 7 4 8 5 9 3 10 1 11
97 96 0 1 0 2 1 3 0 4 2 5 2 6 0 7 3 8 3 9 1 10 2 11 1 12 1 13 12 14 10 15 1 16 2 17 0 18 15 19 10 20 9 21 11 22 9 23 6 24 23 25 3 26 12 27 23 28 15 29 21 30 1 31 5 32 7 33 16 34 29 35 10 36 0 37 31 38 33 39 22 40 31 41 33 42 31 43 27 44 33 45 44 46 25 47 36 48 43 49 18 50 11 51 20 52 25 53 48 54 3 55 36 56 46 57 28 58 54 59 46 60 50 61 16 62 22 63 4 64 12 65 41 66 32 67 19 68 60 69 41 70 44 71 45 72 45 73 56 74 57 75 41 76 61 77 10 78 44 79 77 80 64 81 66 82 9 83 0 84 2 85 56 86 69 87 34 88 9 89 31 90 88 91 25 92 7 93 50 94 73 95 79 96
75 74 0 1 0 2 0 3 0 4 1 5 1 6 3 7 4 8 3 9 2 10 2 11 2 12 6 13 1 14 2 15 14 16 2 17 16 18 0 19 0 20 8 21 6 22 0 23 21 24 6 25 21 26 11 27 17 28 18 29 11 30 7 31 6 32 2 33 10 34 20 35 0 36 7 37 6 38 24 39 21 40 20 41 40 42 33 43 1 44 4 45 35 46 14 47 6 48 19 49 40 50 32 51 18 52 37 53 42 54 4 55 38 56 28 57 45 58 31 59 11 60 49 61 40 62 1 63 22 64 49 65 52 66 55 67 64 68 0 69 50 70 15 71 62 72 33 73 15 74
76 75 0 1 0 2 1 3 1 4 2 5 3 6 0 7 6 8 2 9 7 10 2 11 7 12 0 13 9 14 3 15 4 16 2 17 0 18 13 19 8 20 11 21 9 22 19 23 19 24 9 25 3 26 20 27 20 28 2 29 24 30 13 31 27 32 18 33 16 34 2 35 23 36 34 37 29 38 34 39 22 40 0 41 8 42 15 43 42 44 0 45 21 46 17 47 16 48 31 49 10 50 10 51 11 52 29 53 9 54 14 55 25 56 25 57 46 58 3 59 17 60 6 61 19 62 33 63 20 64 47 65 37 66 26 67 48 68 4 69 48 70 66 71 59 72 18 73 67 74 35 75
9 8 0 1 0 2 0 3 2 4 3 5 2 6 3 7 5 8
96 95 0 1 0 2 0 3 1 4 1 5 2 6 1 7 3 8 3 9 8 10 9 11 1 12 11 13 10 14 7 15 11 16 6 17 11 18 10 19 10 20 8 21 0 22 20 23 19 24 2 25 4 26 24 27 16 28 5 29 20 30 16 31 13 32 6 33 14 34 17 35 2 36 24 37 22 38 5 39 32 40 5 41 3 42 39 43 1 44 36 45 19 46 45 47 24 48 3 49 36 50 46 51 28 52 24 53 30 54 1 55 36 56 13 57 28 58 5 59 16 60 40 61 56 62 31 63 0 64 25 65 28 66 48 67 14 68 35 69 64 70 14 71 17 72 13 73 43 74 55 75 15 76 8 77 36 78 3 79 75 80 23 81 28 82 58 83 36 84 45 85 25 86 45 87 32 88 31 89 13 90 51 91 42 92 36 93 58 94 29 95
44 43 0 1 0 2 1 3 0 4 3 5 1 6 5 7 1 8 7 9 8 10 1 11 6 12 2 13 6 14 6 15 6 16 12 17 7 18 10 19 15 20 4 21 4 22 12 23 9 24 11 25 10 26 14 27 19 28 21 29 6 30 8 31 6 32 4 33 6 34 29 35 3 36 18 37 11 38 23 39 35 40 22 41 33 42 22 43
89 88 0 1 0 2 1 3 0 4 0 5 2 6 5 7 6 8 7 9 1 10 8 11 2 12 6 13 12 14 5 15 11 16 11 17 0 18 15 19 6 20 19 21 10 22 20 23 9 24 2 25 18 26 15 27 1 28 27 29 25 30 21 31 24 32 12 33 21 34 31 35 13 36 9 37 1 38 31 39 19 40 4 41 28 42 21 43 8 44 8 45 0 46 33 47 7 48 31 49 34 50 6 51 42 52 20 53 8 54 7 55 48 56 8 57 10 58 45 59 3 60 40 61 15 62 33 63 61 64 18 65 0 66 16 67 11 68 62 69 15 70 1 71 64 72 17 73 28 74 8 75 5 76 16 77 53 78 77 79 13 80 35 81 69 82 79 83 11 84 31 85 54 86 48 87 27 88
26 25 0 1 0 2 0 3 1 4 3 5 1 6 4 7 4 8 0 9 3 10 7 11 3 12 9 13 4 14 7 15 7 16 5 17 1 18 1 19 13 20 17 21 4 22 17 23 16 24 19 25
94 93 0 1 0 2 1 3 1 4 0 5 0 6 4 7 3 8 1 9 3 10 3 11 7 12 8 13 4 14 11 15 1 16 5 17 2 18 16 19 14 20 1 21 9 22 20 23 7 24 22 25 19 26 23 27 0 28 8 29 12 30 18 31 25 32 30 33 0 34 29 35 21 36 21 37 36 38 19 39 2 40 37 41 7 42 6 43 39 44 40 45 42 46 12 47 28 48 43 49 18 50 45 51 36 52 32 53 7 54 46 55 43 56 36 57 31 58 56 59 39 60 41 61 51 62 35 63 13 64 54 65 23 66 37 67 24 68 43 69 9 70 66 71 51 72 45 73 43 74 59 75 14 76 63 77 32 78 10 79 16 80 75 81 77 82 31 83 82 84 40 85 18 86 34 87 77 88 69 89 18 90 29 91 79 92 63 93
30 29 0 1 0 2 0 3 0 4 0 5 4 6 1 7 0 8 1 9 5 10 3 11 4 12 2 13 0 14 2 15 11 16 15 17 3 18 15 19 16 20 13 21 8 22 17 23 12 24 20 25 16 26 25 27 14 28 2 29
23 22 0 1 0 2 0 3 1 4 3 5 2 6 5 7 4 8 1 9 0 10 6 11 6 12 5 13 3 14 12 15 6 16 4 17 14 18 15 19 9 20 4 21 14 22
34 33 0 1 0 2 1 3 1 4 1 5 2 6 2 7 0 8 3 9 5 10 5 11 0 12 3 13 5 14 0 15 11 16 2 17 13 18 7 19 7 20 0 21 15 22 1 23 12 24 16 25 14 26 17 27 26 28 21 29 12 30 28 31 2 32 7 33
60 59 0 1 0 2 0 3 1 4 3 5 0 6 2 7 5 8 3 9 5 10 7 11 2 12 2 13 8 14 0 15 9 16 3 17 0 18 12 19 5 20 11 21 18 22 4 23 7 24 20 25 12 26 13 27 17 28 8 29 23 30 29 31 20 32 21 33 4 34 0 35 1 36 16 37 9 38 23 39 7 40 22 41 5 42 6 43 6 44 9 45 25 46 35 47 44 48 36 49 11 50 5 51 8 52 0 53 28 54 31 55 27 56 15 57 49 58 48 59
93 92 0 1 0 2 0 3 2 4 2 5 0 6 2 7 2 8 6 9 5 10 3 11 10 12 4 13 6 14 9 15 11 16 8 17 10 18 6 19 0 20 7 21 20 22 17 23 10 24 5 25 13 26 23 27 8 28 27 29 8 30 29 31 20 32 13 33 20 34 31 35 15 36 32 37 13 38 19 39 33 40 18 41 4 42 1 43 41 44 8 45 41 46 33 47 45 48 26 49 27 50 8 51 37 52 2 53 3 54 14 55 41 56 1 57 38 58 26 59 17 60 25 61 20 62 30 63 11 64 62 65 8 66 43 67 17 68 67 69 24 70 20 71 15 72 63 73 67 74 3 75 14 76 71 77 24 78 58 79 35 80 75 81 78 82 81 83 58 84 77 85 58 86 55 87 54 88 45 89 36 90 57 91 55 92
93 92 0 1 0 2 1 3 1 4 2 5 0 6 2 7 0 8 2 9 5 10 2 11 0 12 7 13 10 14 1 15 6 16 14 17 1 18 4 19 18 20 3 21 5 22 6 23 3 24 5 25 5 26 13 27 2 28 25 29 26 30 11 31 11 32 19 33 32 34 13 35 21 36 15 37 32 38 7 39 27 40 28 41 31 42 20 43 33 44 43 45 28 46 42 47 26 48 4 49 5 50 17 51 29 52 9 53 38 54 5 55 8 56 30 57 31 58 47 59 23 60 18 61 19 62 36 63 0 64 52 65 3 66 62 67 10 68 15 69 0 70 50 71 10 72 61 73 60 74 0 75 23 76 67 77 68 78 10 79 68 80 32 81 48 82 77 83 64 84 70 85 8 86 62 87 71 88 23 89 49 90 20 91 48 92
22 21 0 1 0 2 1 3 2 4 1 5 0 6 4 7 3 8 6 9 5 10 8 11 0 12 7 13 3 14 4 15 6 16 0 17 15 18 6 19 18 20 8 21
55 54 0 1 0 2 0 3 1 4 1 5 2 6 0 7 2 8 5 9 5 10 0 11 4 12 0 13 6 14 0 15 6 16 14 17 14 18 11 19 16 20 7 21 17 22 20 23 11 24 1 25 11 26 3 27 0 28 20 29 28 30 11 31 17 32 19 33 4 34 14 35 5 36 29 37 14 38 12 39 17 40 3 41 35 42 32 43 11 44 17 45 23 46 18 47 44 48 37 49 21 50 15 51 28 52 7 53 21 54
48 47 0 1 0 2 0 3 2 4 0 5 1 6 3 7 3 8 0 9 8 10 5 11 9 12 5 13 10 14 13 15 6 16 11 17 9 18 16 19 16 20 2 21 13 22 21 23 10 24 21 25 20 26 7 27 20 28 27 29 26 30 17 31 26 32 15 33 29 34 28 35 23 36 29 37 1 38 31 39 4 40 37 41 33 42 18 43 20 44 24 45 8 46 40 47
88 87 0 1 0 2 1 3 0 4 3 5 1 6 5 7 4 8 6 9 0 10 4 11 3 12 10 13 0 14 7 15 1 16 3 17 2 18 8 19 8 20 13 21 1 22 5 23 21 24 20 25 0 26 7 27 2 28 21 29 6 30 6 31 18 32 13 33 29 34 1 35 18 36 8 37 16 38 13 39 36 40 17 41 11 42 39 43 12 44 43 45 28 46 16 47 4 48 43 49 24 50 37 51 31 52 42 53 46 54 11 55 31 56 8 57 24 58 12 59 34 60 36 61 16 62 31 63 21 64 36 65 63 66 34 67 44 68 33 69 1 70 31 71 49 72 40 73 65 74 11 75 1 76 3 77 73 78 22 79 39 80 1 81 80 82 76 83 52 84 3 85 46 86 68 87
88 87 0 1 0 2 1 3 1 4 1 5 4 6 4 7 4 8 0 9 3 10 8 11 9 12 11 13 1 14 13 15 2 16 12 17 7 18 8 19 18 20 11 21 8 22 14 23 14 24 1 25 15 26 18 27 20 28 9 29 10 30 26 31 10 32 18 33 15 34 14 35 28 36 23 37 36 38 34 39 13 40 9 41 25 42 20 43 22 44 34 45 44 46 2 47 28 48 44 49 47 50 4 51 7 52 17 53 15 54 50 55 10 56 44 57 52 58 22 59 20 60 25 61 43 62 30 63 36 64 5 65 27 66 42 67 5 68 37 69 14 70 27 71 40 72 2 73 66 74 31 75 59 76 75 77 44 78 77 79 46 80 2 81 15 82 10 83 77 84 77 85 22 86 64 87
33 32 0 1 0 2 0 3 0 4 2 5 4 6 2 7 3 8 4 9 8 10 9 11 6 12 7 13 12 14 0 15 11 16 13 17 5 18 9 19 17 20 4 21 2 22 13 23 11 24 11 25 5 26 0 27 21 28 13 29 20 30 20 31 2 32
52 51 0 1 0 2 1 3 0 4 0 5 3 6 0 7 4 8 5 9 8 10 1 11 3 12 11 13 4 14 8 15 8 16 5 17 8 18 11 19 6 20 2 21 14 22 4 23 11 24 7 25 2 26 15 27 21 28 15 29 25 30 23 31 30 32 8 33 23 34 7 35 29 36 21 37 21 38 3 39 26 40 13 41 3 42 23 43 38 44 25 45 25 46 10 47 1 48 30 49 35 50 24 51
46 45 0 1 0 2 0 3 1 4 0 5 2 6 0 7 4 8 2 9 0 10 0 11 7 12 9 13 4 14 10 15 14 16 5 17 9 18 13 19 7 20 17 21 16 22 20 23 0 24 10 25 17 26 12 27 14 28 3 29 25 30 0 31 9 32 23 33 31 34 1 35 25 36 29 37 33 38 5 39 10 40 3 41 33 42 35 43 15 44 25 45
97 96 0 1 0 2 1 3 0 4 0 5 0 6 1 7 4 8 6 9 2 10 2 11 1 12 10 13 9 14 5 15 0 16 11 17 8 18 13 19 14 20 6 21 5 22 18 23 18 24 12 25 8 26 13 27 5 28 19 29 1 30 13 31 7 32 27 33 27 34 12 35 20 36 7 37 36 38 20 39 33 40 3 41 13 42 5 43 40 44 17 45 24 46 38 47 41 48 22 49 22 50 46 51 35 52 49 53 20 54 44 55 54 56 10 57 46 58 11 59 17 60 22 61 38 62 14 63 29 64 47 65 12 66 40 67 18 68 8 69 17 70 57 71 63 72 12 73 59 74 48 75 4 76 66 77 60 78 3 79 35 80 0 81 30 82 6 83 49 84 5 85 78 86 38 87 17 88 21 89 35 90 67 91 40 92 70 93 80 94 75 95 90 96
57 56 0 1 0 2 1 3 2 4 1 5 2 6 3 7 4 8 1 9 6 10 1 11 2 12 6 13 2 14 10 15 14 16 6 17 4 18 1 19 2 20 1 21 20 22 19 23 10 24 1 25 2 26 8 27 23 28 17 29 3 30 11 31 10 32 0 33 13 34 16 35 11 36 29 37 6 38 12 39 5 40 29 41 23 42 19 43 16 44 5 45 37 46 33 47 45 48 12 49 18 50 45 51 35 52 31 53 46 54 31 55 8 56
80 79 0 1 0 2 0 3 1 4 2 5 2 6 1 7 3 8 0 9 2 10 2 11 5 12 6 13 7 14 3 15 7 16 7 17 12 18 17 19 1 20 1 21 19 22 17 23 18 24 4 25 6 26 24 27 8 28 13 29 20 30 13 31 24 32 29 33 22 34 1 35 31 36 8 37 36 38 27 39 37 40 15 41 24 42 39 43 16 44 3 45 27 46 4 47 19 48 19 49 41 50 41 51 25 52 41 53 28 54 15 55 12 56 27 57 30 58 47 59 37 60 18 61 10 62 45 63 37 64 36 65 32 66 5 67 6 68 40 69 51 70 44 71 38 72 56 73 35 74 23 75 59 76 20 77 19 78 27 79
55 54 0 1 0 2 0 3 2 4 0 5 3 6 5 7 1 8 3 9 3 10 3 11 5 12 2 13 8 14 2 15 11 16 12 17 2 18 11 19 8 20 16 21 3 22 16 23 0 24 0 25 23 26 15 27 1 28 10 29 18 30 21 31 6 32 3 33 13 34 28 35 15 36 2 37 35 38 12 39 10 40 21 41 29 42 3 43 27 44 8 45 39 46 36 47 36 48 26 49 6 50 17 51 19 52 41 53 46 54
58 57 0 1 0 2 1 3 1 4 1 5 3 6 0 7 2 8 2 9 1 10 7 11 3 12 10 13 1 14 3 15 1 16 14 17 2 18 5 19 16 20 14 21 0 22 6 23 13 24 18 25 2 26 4 27 23 28 24 29 16 30 20 31 6 32 15 33 2 34 17 35 31 36 12 37 1 38 5 39 28 40 12 41 18 42 19 43 32 44 8 45 42 46 40 47 38 48 5 49 2 50 25 51 43 52 17 53 24 54 43 55 0 56 14 57
61 60 0 1 0 2 1 3 1 4 2 5 3 6 1 7 4 8 7 9 7 10 1 11 5 12 8 13 7 14 11 15 11 16 1 17 4 18 7 19 2 20 11 21 17 22 0 23 17 24 23 25 22 26 16 27 18 28 0 29 14 30 10 31 21 32 1 33 12 34 1 35 21 36 28 37 15 38 33 39 0 40 16 41 7 42 5 43 19 44 0 45 19 46 40 47 3 48 43 49 16 50 26 51 2 52 22 53 19 54 9 55 7 56 9 57 50 58 37 59 38 60
49 48 0 1 0 2 1 3 2 4 2 5 4 6 2 7 1 8 7 9 7 10 9 11 10 12 2 13 2 14 7 15 0 16 13 17 10 18 13 19 0 20 2 21 11 22 17 23 8 24 19 25 8 26 12 27 16 28 18 29 15 30 7 31 13 32 2 33 25 34 32 35 16 36 18 37 3 38 34 39 16 40 37 41 33 42 38 43 13 44 7 45 23 46 20 47 32 48
49 48 0 1 0 2 1 3 1 4 3 5 2 6 2 7 2 8 3 9 5 10 6 11 10 12 4 13 1 14 6 15 2 16 10 17 14 18 12 19 6 20 5 21 17 22 13 23 9 24 21 25 8 26 9 27 3 28 1 29 12 30 3 31 1 32 5 33 18 34 18 35 9 36 16 37 1 38 26 39 37 40 1 41 15 42 12 43 27 44 0 45 5 46 37 47 24 48
4 3 0 1 0 2 0 3
39 38 0 1 0 2 0 3 2 4 2 5 3 6 3 7 5 8 3 9 5 10 5 11 0 12 7 13 7 14 8 15 9 16 4 17 8 18 6 19 9 20 5 21 15 22 9 23 5 24 0 25 14 26 25 27 25 28 4 29 24 30 21 31 2 32 6 33 10 34 28 35 13 36 17 37 19 38
65 64 0 1 0 2 1 3 2 4 1 5 4 6 1 7 1 8 1 9 7 10 4 11 5 12 10 13 5 14 5 15 6 16 2 17 3 18 7 19 14 20 13 21 11 22 17 23 3 24 8 25 10 26 11 27 7 28 21 29 7 30 16 31 22 32 15 33 25 34 21 35 26 36 3 37 35 38 36 39 31 40 6 41 37 42 2 43 42 44 5 45 36 46 41 47 10 48 38 49 37 50 19 51 49 52 9 53 12 54 14 55 37 56 26 57 12 58 47 59 23 60 18 61 3 62 29 63 49 64
68 67 0 1 0 2 1 3 2 4 3 5 1 6 5 7 3 8 6 9 5 10 2 11 10 12 8 13 11 14 2 15 2 16 0 17 0 18 2 19 12 20 14 21 8 22 20 23 8 24 12 25 7 26 7 27 19 28 20 29 13 30 13 31 23 32 19 33 12 34 24 35 3 36 29 37 26 38 0 39 21 40 39 41 2 42 17 43 24 44 11 45 13 46 2 47 13 48 43 49 32 50 11 51 13 52 28 53 29 54 12 55 50 56 22 57 22 58 11 59 26 60 6 61 4 62 8 63 23 64 19 65 27 66 21 67
11 10 0 1 0 2 1 3 2 4 3 5 2 6 4 7 3 8 5 9 6 10
