100
15 14 0 1 0 2 1 3 0 4 1 5 2 6 1 7 0 8 7 9 1 10 8 11 4 12 8 13 1 14
33 32 0 1 0 2 1 3 0 4 2 5 3 6 1 7 2 8 1 9 6 10 1 11 2 12 3 13 7 14 11 15 2 16 5 17 14 18 0 19 8 20 12 21 2 22 7 23 0 24 0 25 14 26 19 27 0 28 7 29 17 30 20 31 0 32
99 98 0 1 0 2 1 3 2 4 1 5 3 6 2 7 2 8 3 9 4 10 6 11 0 12 5 13 9 14 3 15 2 16 5 17 10 18 15 19 18 20 13 21 19 22 1 23 16 24 13 25 9 26 13 27 11 28 15 29 20 30 26 31 5 32 13 33 8 34 11 35 19 36 14 37 6 38 32 39 22 40 29 41 23 42 5 43 34 44 37 45 29 46 2 47 43 48 33 49 11 50 0 51 7 52 21 53 17 54 8 55 18 56 32 57 40 58 35 59 52 60 23 61 34 62 61 63 39 64 5 65 31 66 36 67 53 68 38 69 25 70 43 71 50 72 66 73 10 74 12 75 17 76 10 77 37 78 14 79 10 80 73 81 59 82 14 83 24 84 70 85 84 86 66 87 29 88 16 89 61 90 62 91 27 92 84 93 31 94 52 95 43 96 58 97 8 98
90 89 0 1 0 2 0 3 0 4 3 5 4 6 5 7 1 8 5 9 0 10 2 11 10 12 0 13 6 14 11 15 13 16 8 17 14 18 8 19 13 20 5 21 17 22 15 23 18 24 1 25 3 26 21 27 15 28 3 29 21 30 15 31 4 32 30 33 10 34 33 35 11 36 26 37 16 38 27 39 34 40 30 41 12 42 23 43 5 44 7 45 35 46 10 47 31 48 42 49 30 50 10 51 40 52 41 53 48 54 4 55 15 56 27 57 44 58 32 59 20 60 52 61 23 62 16 63 43 64 23 65 25 66 36 67 48 68 57 69 14 70 44 71 65 72 58 73 62 74 20 75 32 76 41 77 18 78 75 79 22 80 20 81 27 82 49 83 3 84 10 85 12 86 74 87 55 88 18 89
12 11 0 1 0 2 0 3 2 4 3 5 2 6 3 7 2 8 1 9 4 10 0 11
25 24 0 1 0 2 0 3 0 4 2 5 3 6 4 7 3 8 1 9 0 10 0 11 7 12 5 13 10 14 4 15 2 16 12 17 13 18 16 19 17 20 14 21 17 22 19 23 14 24
41 40 0 1 0 2 1 3 0 4 1 5 0 6 0 7 0 8 7 9 2 10 3 11 8 12 11 13 5 14 7 15 2 16 6 17 9 18 16 19 6 20 9 21 7 22 11 23 14 24 14 25 5 26 20 27 4 28 10 29 27 30 12 31 22 32 21 33 8 34 28 35 29 36 24 37 34 38 9 39 9 40
71 70 0 1 0 2 1 3 0 4 0 5 2 6 1 7 6 8 1 9 0 10 6 11 10 12 11 13 7 14 5 15 5 16 1 17 10 18 15 19 5 20 1 21 16 22 12 23 13 24 3 25 15 26 2 27 6 28 7 29 23 30 14 31 25 32 5 33 21 34 2 35 1 36 34 37 26 38 14 39 19 40 4 41 15 42 33 43 7 44 41 45 42 46 26 47 44 48 3 49 15 50 23 51 44 52 10 53 43 54 22 55 45 56 43 57 45 58 19 59 22 60 19 61 37 62 19 63 22 64 10 65 8 66 30 67 44 68 31 69 21 70
98 97 0 1 0 2 1 3 0 4 3 5 4 6 1 7 4 8 7 9 8 10 0 11 5 12 8 13 5 14 9 15 14 16 9 17 14 18 0 19 4 20 4 21 13 22 10 23 8 24 21 25 22 26 19 27 26 28 2 29 11 30 7 31 21 32 1 33 7 34 1 35 24 36 21 37 25 38 30 39 17 40 32 41 2 42 11 43 19 44 37 45 0 46 43 47 25 48 26 49 0 50 46 51 49 52 48 53 36 54 28 55 18 56 32 57 39 58 3 59 43 60 50 61 50 62 42 63 31 64 17 65 63 66 37 67 37 68 1 69 60 70 58 71 4 72 17 73 67 74 25 75 51 76 23 77 66 78 74 79 4 80 70 81 20 82 54 83 67 84 15 85 21 86 11 87 3 88 41 89 42 90 86 91 33 92 90 93 10 94 43 95 35 96 85 97
34 33 0 1 0 2 0 3 2 4 3 5 4 6 2 7 1 8 2 9 1 10 0 11 0 12 7 13 11 14 6 15 10 16 4 17 11 18 13 19 12 20 14 21 16 22 0 23 17 24 3 25 3 26 18 27 0 28 27 29 23 30 11 31 21 32 8 33
12 11 0 1 0 2 1 3 1 4 1 5 1 6 5 7 5 8 1 9 5 10 9 11
34 33 0 1 0 2 1 3 0 4 2 5 4 6 1 7 1 8 0 9 0 10 6 11 2 12 11 13 2 14 3 15 11 16 7 17 7 18 9 19 12 20 14 21 17 22 6 23 18 24 22 25 24 26 23 27 11 28 2 29 27 30 0 31 5 32 7 33
54 53 0 1 0 2 1 3 1 4 1 5 2 6 3 7 3 8 0 9 0 10 4 11 1 12 11 13 12 14 12 15 2 16 9 17 7 18 16 19 15 20 15 21 10 22 13 23 22 24 8 25 7 26 0 27 19 28 9 29 9 30 26 31 7 32 14 33 25 34 19 35 14 36 8 37 26 38 12 39 14 40 1 41 17 42 38 43 38 44 23 45 8 46 37 47 22 48 5 49 37 50 16 51 2 52 21 53
37 36 0 1 0 2 1 3 2 4 0 5 4 6 3 7 0 8 6 9 8 10 7 11 7 12 5 13 6 14 0 15 11 16 5 17 10 18 8 19 4 20 8 21 6 22 8 23 0 24 20 25 13 26 24 27 22 28 13 29 27 30 1 31 11 32 18 33 16 34 27 35 5 36
67 66 0 1 0 2 0 3 1 4 2 5 1 6 4 7 3 8 5 9 4 10 9 11 6 12 10 13 7 14 12 15 6 16 11 17 4 18 13 19 18 20 13 21 18 22 7 23 17 24 18 25 5 26 22 27 10 28 20 29 22 30 26 31 25 32 16 33 6 34 8 35 19 36 4 37 10 38 8 39 4 40 2 41 24 42 30 43 10 44 7 45 41 46 40 47 13 48 24 49 26 50 32 51 9 52 13 53 3 54 18 55 9 56 27 57 16 58 7 59 30 60 45 61 55 62 15 63 52 64 25 65 32 66
68 67 0 1 0 2 0 3 0 4 2 5 2 6 3 7 2 8 5 9 5 10 7 11 3 12 11 13 2 14 9 15 5 16 13 17 16 18 4 19 5 20 9 21 8 22 15 23 2 24 6 25 24 26 10 27 1 28 16 29 4 30 13 31 25 32 9 33 23 34 29 35 3 36 30 37 21 38 23 39 37 40 26 41 21 42 7 43 16 44 7 45 22 46 8 47 20 48 45 49 43 50 37 51 20 52 17 53 16 54 41 55 19 56 22 57 9 58 15 59 23 60 51 61 6 62 40 63 4 64 34 65 19 66 3 67
86 85 0 1 0 2 0 3 1 4 1 5 4 6 5 7 0 8 1 9 0 10 3 11 6 12 7 13 6 14 1 15 4 16 15 17 10 18 5 19 8 20 11 21 2 22 13 23 14 24 11 25 13 26 22 27 21 28 16 29 2 30 23 31 1 32 29 33 19 34 26 35 31 36 35 37 2 38 2 39 12 40 35 41 40 42 41 43 22 44 16 45 12 46 26 47 40 48 47 49 13 50 0 51 8 52 5 53 11 54 9 55 20 56 6 57 3 58 5 59 2 60 9 61 29 62 5 63 14 64 56 65 23 66 63 67 34 68 65 69 59 70 37 71 14 72 62 73 61 74 39 75 47 76 60 77 76 78 25 79 10 80 11 81 77 82 47 83 53 84 75 85
54 53 0 1 0 2 1 3 1 4 2 5 3 6 5 7 4 8 3 9 8 10 6 11 2 12 2 13 12 14 6 15 7 16 1 17 6 18 0 19 0 20 4 21 11 22 4 23 1 24 10 25 22 26 24 27 20 28 14 29 0 30 17 31 25 32 10 33 24 34 33 35 30 36 19 37 20 38 29 39 29 40 32 41 10 42 32 43 2 44 22 45 43 46 11 47 23 48 14 49 6 50 8 51 2 52 45 53
16 15 0 1 0 2 1 3 0 4 0 5 4 6 5 7 6 8 7 9 2 10 8 11 4 12 1 13 12 14 4 15
34 33 0 1 0 2 0 3 1 4 1 5 2 6 1 7 2 8 5 9 2 10 1 11 1 12 1 13 5 14 5 15 10 16 10 17 16 18 6 19 17 20 1 21 20 22 8 23 17 24 21 25 18 26 9 27 21 28 3 29 6 30 26 31 1 32 29 33
15 14 0 1 0 2 1 3 0 4 2 5 4 6 0 7 0 8 3 9 7 10 8 11 7 12 2 13 2 14
54 53 0 1 0 2 0 3 1 4 3 5 4 6 3 7 6 8 2 9 3 10 4 11 0 12 3 13 7 14 2 15 11 16 1 17 2 18 9 19 2 20 19 21 4 22 0 23 8 24 23 25 24 26 2 27 23 28 11 29 3 30 10 31 21 32 13 33 32 34 15 35 9 36 12 37 0 38 11 39 21 40 38 41 23 42 14 43 26 44 19 45 39 46 8 47 18 48 40 49 13 50 6 51 35 52 48 53
12 11 0 1 0 2 0 3 1 4 2 5 1 6 4 7 1 8 0 9 1 10 9 11
98 97 0 1 0 2 1 3 2 4 1 5 0 6 1 7 5 8 1 9 4 10 8 11 8 12 9 13 10 14 4 15 0 16 7 17 0 18 16 19 13 20 11 21 17 22 16 23 1 24 14 25 3 26 13 27 11 28 7 29 3 30 20 31 9 32 0 33 25 34 33 35 24 36 29 37 20 38 5 39 21 40 33 41 1 42 31 43 32 44 41 45 17 46 26 47 37 48 36 49 30 50 5 51 28 52 50 53 2 54 10 55 51 56 11 57 32 58 33 59 49 60 28 61 15 62 26 63 56 64 6 65 41 66 42 67 51 68 51 69 34 70 41 71 23 72 41 73 52 74 32 75 24 76 69 77 36 78 44 79 72 80 51 81 1 82 76 83 58 84 16 85 2 86 60 87 21 88 57 89 32 90 48 91 59 92 27 93 75 94 50 95 37 96 9 97
27 26 0 1 0 2 0 3 1 4 3 5 4 6 0 7 5 8 5 9 8 10 4 11 6 12 1 13 11 14 4 15 6 16 5 17 14 18 6 19 10 20 9 21 1 22 0 23 4 24 0 25 4 26
92 91 0 1 0 2 1 3 0 4 3 5 1 6 1 7 3 8 0 9 7 10 0 11 6 12 11 13 3 14 0 15 6 16 12 17 4 18 2 19 15 20 18 21 2 22 19 23 9 24 15 25 6 26 5 27 22 28 11 29 15 30 2 31 12 32 26 33 14 34 31 35 0 36 1 37 8 38 37 39 8 40 2 41 28 42 34 43 8 44 38 45 35 46 31 47 36 48 31 49 29 50 33 51 6 52 7 53 31 54 30 55 29 56 40 57 8 58 16 59 53 60 24 61 14 62 2 63 10 64 14 65 49 66 60 67 40 68 21 69 9 70 7 71 61 72 43 73 16 74 42 75 67 76 8 77 62 78 4 79 21 80 51 81 26 82 25 83 28 84 42 85 51 86 42 87 19 88 29 89 60 90 25 91
27 26 0 1 0 2 0 3 1 4 1 5 0 6 5 7 5 8 0 9 8 10 7 11 0 12 6 13 4 14 10 15 8 16 11 17 7 18 11 19 0 20 15 21 20 22 17 23 7 24 11 25 14 26
45 44 0 1 0 2 0 3 0 4 2 5 0 6 5 7 4 8 6 9 7 10 1 11 7 12 6 13 8 14 12 15 4 16 5 17 12 18 5 19 6 20 15 21 11 22 11 23 0 24 3 25 23 26 20 27 21 28 0 29 15 30 1 31 25 32 26 33 28 34 11 35 3 36 17 37 21 38 17 39 35 40 16 41 30 42 33 43 15 44
29 28 0 1 0 2 0 3 1 4 2 5 0 6 1 7 5 8 5 9 8 10 7 11 1 12 5 13 4 14 1 15 14 16 11 17 2 18 5 19 18 20 16 21 20 22 4 23 13 24 3 25 10 26 7 27 7 28
96 95 0 1 0 2 0 3 0 4 2 5 0 6 5 7 3 8 6 9 8 10 1 11 4 12 1 13 6 14 8 15 9 16 1 17 6 18 17 19 4 20 16 21 20 22 13 23 5 24 6 25 5 26 8 27 24 28 11 29 7 30 19 31 1 32 28 33 29 34 21 35 28 36 7 37 29 38 9 39 8 40 7 41 1 42 11 43 17 44 10 45 23 46 39 47 9 48 23 49 3 50 1 51 9 52 37 53 26 54 51 55 18 56 43 57 8 58 16 59 37 60 53 61 53 62 50 63 60 64 19 65 29 66 40 67 7 68 46 69 31 70 5 71 15 72 46 73 67 74 32 75 63 76 72 77 37 78 77 79 1 80 26 81 11 82 47 83 6 84 58 85 47 86 5 87 79 88 33 89 68 90 75 91 62 92 9 93 90 94 48 95
80 79 0 1 0 2 1 3 2 4 2 5 2 6 4 7 4 8 4 9 5 10 6 11 2 12 11 13 1 14 6 15 0 16 2 17 13 18 0 19 18 20 11 21 14 22 1 23 21 24 21 25 24 26 19 27 2 28 24 29 22 30 6 31 4 32 22 33 29 34 30 35 0 36 8 37 21 38 36 39 34 40 29 41 16 42 22 43 0 44 25 45 24 46 9 47 32 48 0 49 36 50 15 51 14 52 48 53 13 54 32 55 46 56 6 57 4 58 15 59 8 60 54 61 40 62 53 63 16 64 53 65 50 66 27 67 55 68 56 69 35 70 21 71 3 72 64 73 0 74 27 75 71 76 36 77 51 78 71 79
29 28 0 1 0 2 0 3 1 4 1 5 2 6 1 7 4 8 2 9 4 10 5 11 0 12 2 13 3 14 11 15 12 16 7 17 0 18 16 19 12 20 13 21 14 22 0 23 1 24 20 25 18 26 14 27 7 28
97 96 0 1 0 2 1 3 0 4 1 5 3 6 4 7 6 8 3 9 5 10 7 11 6 12 5 13 11 14 13 15 14 16 12 17 1 18 15 19 0 20 9 21 7 22 2 23 11 24 22 25 18 26 0 27 17 28 27 29 13 30 9 31 8 32 4 33 21 34 5 35 22 36 25 37 33 38 23 39 26 40 6 41 9 42 20 43 42 44 22 45 34 46 6 47 13 48 19 49 25 50 31 51 28 52 36 53 16 54 49 55 52 56 0 57 8 58 9 59 52 60 8 61 56 62 26 63 4 64 39 65 17 66 48 67 57 68 29 69 22 70 21 71 42 72 5 73 12 74 25 75 17 76 49 77 63 78 38 79 53 80 22 81 72 82 24 83 1 84 20 85 4 86 37 87 5 88 3 89 87 90 19 91 55 92 41 93 76 94 92 95 47 96
81 80 0 1 0 2 1 3 0 4 2 5 1 6 5 7 0 8 3 9 1 10 3 11 10 12 11 13 3 14 5 15 7 16 7 17 6 18 16 19 3 20 7 21 19 22 1 23 12 24 8 25 16 26 4 27 11 28 2 29 22 30 3 31 24 32 6 33 32 34 21 35 29 36 18 37 28 38 22 39 38 40 6 41 6 42 0 43 31 44 7 45 42 46 9 47 13 48 21 49 34 50 13 51 34 52 9 53 28 54 28 55 22 56 6 57 25 58 20 59 12 60 49 61 41 62 21 63 10 64 26 65 21 66 46 67 8 68 36 69 40 70 35 71 35 72 14 73 61 74 41 75 19 76 75 77 51 78 24 79 64 80
18 17 0 1 0 2 0 3 2 4 0 5 2 6 2 7 5 8 0 9 8 10 5 11 6 12 4 13 0 14 6 15 14 16 9 17
82 81 0 1 0 2 0 3 2 4 3 5 0 6 0 7 6 8 4 9 6 10 4 11 7 12 8 13 0 14 11 15 9 16 0 17 6 18 2 19 1 20 17 21 8 22 14 23 11 24 14 25 9 26 12 27 11 28 8 29 24 30 15 31 14 32 23 33 11 34 32 35 15 36 14 37 3 38 23 39 2 40 35 41 32 42 10 43 20 44 16 45 11 46 2 47 22 48 43 49 3 50 48 51 20 52 4 53 38 54 21 55 51 56 19 57 56 58 1 59 0 60 16 61 3 62 45 63 4 64 38 65 59 66 19 67 20 68 53 69 50 70 19 71 31 72 40 73 1 74 34 75 59 76 1 77 9 78 2 79 69 80 54 81
26 25 0 1 0 2 1 3 2 4 1 5 0 6 0 7 5 8 6 9 1 10 7 11 1 12 4 13 5 14 7 15 11 16 1 17 4 18 15 19 6 20 4 21 19 22 5 23 13 24 14 25
61 60 0 1 0 2 1 3 0 4 2 5 3 6 5 7 2 8 1 9 2 10 9 11 4 12 2 13 6 14 9 15 8 16 1 17 4 18 15 19 11 20 14 21 7 22 17 23 10 24 18 25 15 26 12 27 22 28 8 29 0 30 14 31 2 32 20 33 5 34 27 35 34 36 35 37 7 38 15 39 5 40 31 41 40 42 4 43 24 44 3 45 22 46 40 47 11 48 2 49 33 50 37 51 44 52 6 53 35 54 31 55 23 56 51 57 26 58 50 59 13 60
31 30 0 1 0 2 1 3 0 4 1 5 0 6 1 7 5 8 2 9 0 10 3 11 10 12 6 13 9 14 10 15 8 16 3 17 4 18 7 19 10 20 3 21 1 22 18 23 22 24 16 25 10 26 18 27 17 28 13 29 0 30
57 56 0 1 0 2 1 3 1 4 3 5 2 6 3 7 4 8 6 9 2 10 9 11 2 12 5 13 4 14 12 15 1 16 6 17 7 18 6 19 18 20 9 21 17 22 19 23 5 24 17 25 17 26 12 27 10 28 27 29 10 30 18 31 15 32 3 33 20 34 12 35 28 36 9 37 28 38 16 39 23 40 3 41 14 42 3 43 34 44 22 45 8 46 24 47 6 48 40 49 42 50 13 51 16 52 48 53 13 54 53 55 28 56
1 0
13 12 0 1 0 2 1 3 0 4 0 5 4 6 0 7 4 8 4 9 2 10 5 11 6 12
83 82 0 1 0 2 0 3 2 4 2 5 4 6 3 7 6 8 7 9 0 10 4 11 10 12 9 13 8 14 9 15 13 16 12 17 1 18 8 19 1 20 6 21 16 22 0 23 8 24 2 25 13 26 24 27 26 28 22 29 28 30 28 31 9 32 23 33 14 34 25 35 0 36 5 37 16 38 26 39 2 40 18 41 35 42 31 43 20 44 3 45 27 46 37 47 9 48 14 49 8 50 17 51 13 52 15 53 30 54 46 55 50 56 48 57 8 58 29 59 46 60 20 61 22 62 18 63 47 64 61 65 6 66 23 67 31 68 52 69 29 70 1 71 68 72 27 73 58 74 39 75 39 76 37 77 9 78 16 79 67 80 61 81 61 82
28 27 0 1 0 2 1 3 1 4 0 5 3 6 0 7 0 8 7 9 4 10 2 11 0 12 6 13 10 14 9 15 9 16 4 17 16 18 12 19 1 20 2 21 1 22 11 23 14 24 9 25 12 26 21 27
79 78 0 1 0 2 0 3 0 4 2 5 1 6 3 7 4 8 5 9 2 10 1 11 0 12 7 13 10 14 13 15 5 16 13 17 15 18 15 19 4 20 9 21 10 22 11 23 9 24 11 25 10 26 0 27 11 28 27 29 22 30 5 31 26 32 24 33 30 34 4 35 7 36 2 37 0 38 5 39 8 40 36 41 23 42 40 43 21 44 38 45 22 46 28 47 38 48 18 49 43 50 17 51 48 52 40 53 1 54 8 55 43 56 43 57 56 58 38 59 38 60 13 61 1 62 16 63 47 64 40 65 52 66 32 67 26 68 57 69 34 70 48 71 40 72 6 73 44 74 27 75 66 76 46 77 61 78
34 33 0 1 0 2 1 3 0 4 0 5 0 6 0 7 2 8 6 9 4 10 9 11 0 12 9 13 8 14 8 15 6 16 11 17 15 18 15 19 16 20 15 21 13 22 17 23 20 24 20 25 9 26 2 27 19 28 26 29 26 30 6 31 28 32 14 33
3 2 0 1 0 2
57 56 0 1 0 2 0 3 2 4 1 5 2 6 2 7 1 8 2 9 0 10 8 11 8 12 5 13 11 14 8 15 1 16 5 17 12 18 0 19 11 20 1 21 13 22 6 23 10 24 9 25 16 26 13 27 23 28 3 29 22 30 7 31 27 32 26 33 15 34 12 35 33 36 17 37 2 38 1 39 2 40 20 41 27 42 20 43 9 44 0 45 27 46 28 47 46 48 38 49 10 50 4 51 19 52 28 53 4 54 52 55 44 56
1 0
94 93 0 1 0 2 1 3 2 4 0 5 4 6 4 7 4 8 3 9 0 10 2 11 5 12 1 13 12 14 11 15 3 16 3 17 3 18 3 19 13 20 3 21 1 22 4 23 15 24 8 25 12 26 7 27 24 28 2 29 7 30 0 31 16 32 7 33 5 34 16 35 32 36 4 37 11 38 11 39 4 40 11 41 18 42 25 43 39 44 28 45 12 46 0 47 33 48 21 49 15 50 12 51 37 52 33 53 17 54 17 55 33 56 5 57 19 58 11 59 14 60 33 61 51 62 11 63 32 64 35 65 23 66 61 67 22 68 29 69 11 70 3 71 52 72 26 73 71 74 67 75 56 76 67 77 41 78 29 79 19 80 39 81 71 82 61 83 34 84 63 85 1 86 22 87 45 88 58 89 52 90 12 91 81 92 32 93
46 45 0 1 0 2 1 3 0 4 2 5 4 6 4 7 5 8 7 9 7 10 3 11 2 12 8 13 8 14 8 15 0 16 9 17 15 18 15 19 1 20 10 21 0 22 12 23 11 24 8 25 5 26 14 27 24 28 23 29 17 30 1 31 0 32 16 33 18 34 20 35 30 36 23 37 20 38 19 39 33 40 24 41 38 42 2 43 4 44 43 45
42 41 0 1 0 2 0 3 2 4 3 5 3 6 5 7 2 8 4 9 3 10 3 11 0 12 11 13 10 14 12 15 10 16 13 17 1 18 4 19 3 20 18 21 13 22 18 23 11 24 0 25 17 26 18 27 26 28 9 29 7 30 22 31 2 32 8 33 11 34 20 35 15 36 5 37 31 38 22 39 28 40 36 41
34 33 0 1 0 2 1 3 2 4 0 5 4 6 2 7 3 8 3 9 8 10 2 11 6 12 4 13 3 14 13 15 0 16 5 17 7 18 12 19 15 20 3 21 10 22 11 23 0 24 8 25 7 26 17 27 23 28 17 29 27 30 3 31 10 32 7 33
33 32 0 1 0 2 1 3 0 4 3 5 3 6 2 7 3 8 7 9 0 10 3 11 5 12 1 13 5 14 9 15 13 16 13 17 7 18 11 19 18 20 11 21 13 22 13 23 16 24 7 25 23 26 4 27 1 28 23 29 26 30 13 31 30 32
43 42 0 1 0 2 1 3 2 4 2 5 3 6 1 7 1 8 6 9 3 10 7 11 2 12 0 13 6 14 1 15 6 16 8 17 5 18 4 19 5 20 19 21 11 22 0 23 22 24 9 25 11 26 6 27 24 28 10 29 4 30 25 31 9 32 30 33 30 34 23 35 16 36 17 37 28 38 34 39 30 40 4 41 26 42
52 51 0 1 0 2 1 3 1 4 1 5 3 6 3 7 3 8 3 9 5 10 4 11 9 12 8 13 9 14 3 15 7 16 12 17 3 18 0 19 10 20 10 21 11 22 11 23 13 24 21 25 13 26 16 27 25 28 19 29 1 30 21 31 5 32 5 33 15 34 0 35 0 36 25 37 12 38 20 39 14 40 4 41 26 42 37 43 34 44 23 45 16 46 26 47 11 48 45 49 34 50 28 51
12 11 0 1 0 2 1 3 0 4 1 5 0 6 5 7 2 8 5 9 3 10 1 11
42 41 0 1 0 2 0 3 0 4 1 5 1 6 2 7 5 8 2 9 0 10 4 11 1 12 4 13 4 14 13 15 5 16 0 17 2 18 10 19 2 20 11 21 11 22 5 23 13 24 21 25 11 26 14 27 6 28 8 29 15 30 3 31 0 32 27 33 1 34 23 35 23 36 13 37 9 38 22 39 28 40 30 41
87 86 0 1 0 2 1 3 1 4 1 5 3 6 3 7 5 8 4 9 0 10 1 11 5 12 11 13 6 14 2 15 3 16 5 17 13 18 11 19 7 20 3 21 10 22 5 23 22 24 13 25 2 26 15 27 19 28 4 29 26 30 13 31 30 32 16 33 11 34 10 35 33 36 1 37 0 38 19 39 15 40 11 41 8 42 25 43 8 44 35 45 12 46 43 47 15 48 24 49 48 50 20 51 11 52 24 53 26 54 0 55 29 56 6 57 29 58 54 59 44 60 46 61 31 62 39 63 57 64 59 65 0 66 43 67 60 68 61 69 39 70 62 71 15 72 1 73 22 74 33 75 40 76 61 77 34 78 73 79 27 80 37 81 79 82 49 83 8 84 8 85 0 86
2 1 0 1
82 81 0 1 0 2 1 3 2 4 2 5 3 6 1 7 2 8 1 9 3 10 2 11 9 12 4 13 5 14 7 15 12 16 14 17 11 18 6 19 3 20 17 21 20 22 18 23 13 24 11 25 11 26 22 27 20 28 1 29 20 30 19 31 0 32 12 33 14 34 32 35 8 36 29 37 20 38 20 39 33 40 27 41 27 42 16 43 35 44 40 45 35 46 2 47 25 48 34 49 19 50 17 51 15 52 24 53 30 54 40 55 2 56 29 57 45 58 18 59 35 60 35 61 33 62 9 63 43 64 38 65 47 66 45 67 32 68 10 69 61 70 42 71 40 72 44 73 29 74 31 75 32 76 30 77 62 78 40 79 18 80 17 81
56 55 0 1 0 2 1 3 0 4 1 5 0 6 3 7 4 8 5 9 3 10 6 11 1 12 11 13 5 14 10 15 14 16 5 17 2 18 15 19 5 20 16 21 11 22 16 23 22 24 22 25 17 26 18 27 5 28 6 29 24 30 20 31 29 32 9 33 17 34 13 35 25 36 30 37 27 38 16 39 37 40 12 41 29 42 25 43 21 44 31 45 30 46 33 47 35 48 11 49 40 50 22 51 50 52 38 53 47 54 27 55
90 89 0 1 0 2 0 3 0 4 0 5 0 6 2 7 2 8 7 9 4 10 9 11 9 12 5 13 12 14 2 15 10 16 8 17 0 18 1 19 5 20 17 21 11 22 7 23 12 24 20 25 17 26 16 27 8 28 2 29 0 30 2 31 12 32 28 33 3 34 16 35 34 36 26 37 31 38 25 39 12 40 24 41 31 42 33 43 17 44 3 45 7 46 25 47 5 48 39 49 3 50 31 51 33 52 48 53 15 54 25 55 45 56 23 57 2 58 43 59 5 60 54 61 17 62 46 63 27 64 33 65 24 66 4 67 33 68 14 69 1 70 17 71 27 72 54 73 33 74 4 75 70 76 46 77 18 78 75 79 28 80 35 81 21 82 64 83 24 84 24 85 37 86 27 87 41 88 51 89
40 39 0 1 0 2 1 3 2 4 1 5 3 6 5 7 5 8 7 9 4 10 4 11 8 12 6 13 7 14 2 15 7 16 6 17 10 18 13 19 0 20 17 21 4 22 19 23 22 24 17 25 11 26 18 27 4 28 25 29 11 30 13 31 18 32 14 33 28 34 1 35 4 36 29 37 17 38 9 39
28 27 0 1 0 2 0 3 0 4 3 5 1 6 4 7 3 8 3 9 4 10 3 11 10 12 2 13 2 14 13 15 4 16 11 17 8 18 15 19 12 20 17 21 5 22 18 23 6 24 12 25 10 26 18 27
17 16 0 1 0 2 1 3 2 4 3 5 2 6 0 7 2 8 6 9 2 10 6 11 9 12 5 13 11 14 13 15 4 16
6 5 0 1 0 2 1 3 0 4 2 5
6 5 0 1 0 2 1 3 2 4 2 5
60 59 0 1 0 2 0 3 0 4 3 5 2 6 2 7 5 8 5 9 1 10 9 11 1 12 5 13 7 14 11 15 1 16 14 17 8 18 0 19 12 20 4 21 14 22 6 23 2 24 22 25 15 26 19 27 15 28 3 29 28 30 25 31 10 32 22 33 5 34 17 35 8 36 23 37 4 38 36 39 34 40 8 41 37 42 38 43 16 44 2 45 4 46 18 47 13 48 12 49 22 50 21 51 37 52 41 53 9 54 16 55 53 56 9 57 48 58 42 59
49 48 0 1 0 2 0 3 0 4 1 5 1 6 3 7 3 8 0 9 8 10 1 11 1 12 2 13 7 14 1 15 2 16 15 17 13 18 0 19 18 20 17 21 0 22 1 23 17 24 10 25 11 26 14 27 21 28 22 29 28 30 5 31 20 32 21 33 12 34 13 35 34 36 33 37 21 38 6 39 2 40 34 41 27 42 9 43 5 44 28 45 3 46 34 47 34 48
59 58 0 1 0 2 0 3 1 4 2 5 1 6 5 7 5 8 3 9 3 10 8 11 3 12 9 13 9 14 8 15 7 16 3 17 13 18 1 19 17 20 12 21 3 22 13 23 16 24 20 25 15 26 6 27 25 28 9 29 18 30 24 31 19 32 4 33 30 34 30 35 16 36 34 37 5 38 0 39 26 40 0 41 27 42 24 43 19 44 34 45 28 46 30 47 28 48 11 49 8 50 35 51 42 52 10 53 40 54 36 55 34 56 46 57 40 58
1 0
89 88 0 1 0 2 0 3 2 4 2 5 4 6 1 7 1 8 4 9 7 10 5 11 0 12 0 13 6 14 1 15 0 16 6 17 15 18 2 19 0 20 18 21 2 22 8 23 11 24 16 25 21 26 1 27 8 28 1 29 23 30 4 31 15 32 13 33 3 34 24 35 22 36 23 37 4 38 17 39 32 40 13 41 21 42 22 43 2 44 4 45 26 46 31 47 38 48 43 49 6 50 30 51 18 52 30 53 23 54 40 55 33 56 50 57 28 58 10 59 46 60 41 61 23 62 61 63 54 64 47 65 55 66 11 67 7 68 46 69 63 70 10 71 12 72 21 73 37 74 57 75 12 76 43 77 6 78 62 79 77 80 68 81 75 82 37 83 27 84 44 85 1 86 79 87 4 88
22 21 0 1 0 2 0 3 1 4 2 5 4 6 4 7 3 8 6 9 4 10 1 11 7 12 6 13 8 14 8 15 14 16 14 17 5 18 15 19 5 20 17 21
11 10 0 1 0 2 0 3 1 4 2 5 0 6 4 7 6 8 6 9 1 10
36 35 0 1 0 2 0 3 1 4 0 5 4 6 2 7 6 8 7 9 1 10 8 11 2 12 5 13 12 14 8 15 14 16 4 17 6 18 1 19 17 20 19 21 12 22 16 23 9 24 13 25 8 26 13 27 10 28 3 29 28 30 23 31 14 32 16 33 12 34 10 35
49 48 0 1 0 2 0 3 2 4 1 5 3 6 3 7 1 8 3 9 5 10 5 11 8 12 8 13 12 14 11 15 12 16 1 17 11 18 7 19 0 20 18 21 11 22 2 23 17 24 16 25 22 26 22 27 7 28 7 29 22 30 0 31 29 32 24 33 16 34 26 35 12 36 22 37 22 38 21 39 0 40 9 41 38 42 17 43 7 44 41 45 32 46 19 47 34 48
18 17 0 1 0 2 0 3 2 4 2 5 4 6 3 7 2 8 7 9 8 10 9 11 6 12 0 13 1 14 10 15 0 16 0 17
77 76 0 1 0 2 1 3 2 4 0 5 2 6 4 7 2 8 1 9 7 10 6 11 6 12 6 13 5 14 3 15 12 16 7 17 16 18 5 19 8 20 1 21 3 22 19 23 12 24 3 25 2 26 15 27 10 28 0 29 5 30 28 31 10 32 18 33 30 34 27 35 6 36 2 37 34 38 21 39 25 40 10 41 40 42 6 43 6 44 9 45 30 46 27 47 3 48 43 49 21 50 36 51 21 52 35 53 42 54 21 55 6 56 52 57 51 58 8 59 30 60 37 61 26 62 20 63 59 64 53 65 13 66 37 67 48 68 20 69 62 70 23 71 20 72 16 73 72 74 17 75 12 76
32 31 0 1 0 2 1 3 1 4 0 5 4 6 2 7 5 8 7 9 8 10 7 11 2 12 3 13 0 14 1 15 12 16 13 17 16 18 14 19 18 20 10 21 1 22 0 23 20 24 21 25 7 26 8 27 1 28 14 29 19 30 5 31
11 10 0 1 0 2 1 3 0 4 1 5 3 6 4 7 1 8 1 9 5 10
52 51 0 1 0 2 0 3 2 4 2 5 2 6 0 7 0 8 5 9 0 10 1 11 6 12 0 13 11 14 0 15 11 16 2 17 16 18 12 19 8 20 10 21 4 22 17 23 22 24 7 25 10 26 6 27 8 28 19 29 20 30 10 31 17 32 3 33 12 34 11 35 14 36 22 37 11 38 14 39 35 40 30 41 25 42 5 43 10 44 33 45 28 46 2 47 24 48 43 49 44 50 33 51
88 87 0 1 0 2 1 3 1 4 0 5 2 6 0 7 1 8 0 9 6 10 7 11 0 12 4 13 1 14 0 15 11 16 9 17 5 18 9 19 0 20 4 21 5 22 3 23 10 24 11 25 16 26 7 27 17 28 10 29 14 30 8 31 23 32 28 33 1 34 15 35 15 36 34 37 36 38 28 39 6 40 31 41 30 42 29 43 37 44 39 45 16 46 36 47 39 48 15 49 30 50 36 51 10 52 14 53 14 54 39 55 35 56 7 57 14 58 2 59 0 60 8 61 13 62 44 63 62 64 60 65 47 66 60 67 28 68 56 69 20 70 28 71 12 72 62 73 28 74 10 75 3 76 61 77 52 78 71 79 16 80 63 81 0 82 19 83 60 84 10 85 82 86 24 87
89 88 0 1 0 2 0 3 2 4 2 5 4 6 1 7 4 8 6 9 8 10 7 11 6 12 3 13 3 14 4 15 12 16 2 17 3 18 15 19 15 20 7 21 18 22 15 23 4 24 23 25 17 26 25 27 26 28 0 29 21 30 10 31 19 32 18 33 30 34 9 35 13 36 34 37 21 38 8 39 15 40 18 41 1 42 7 43 19 44 11 45 24 46 27 47 44 48 26 49 6 50 23 51 27 52 8 53 44 54 1 55 16 56 52 57 22 58 17 59 31 60 57 61 6 62 43 63 4 64 21 65 61 66 50 67 3 68 44 69 58 70 45 71 57 72 1 73 66 74 36 75 47 76 46 77 43 78 64 79 12 80 18 81 47 82 51 83 35 84 23 85 60 86 78 87 42 88
89 88 0 1 0 2 0 3 2 4 0 5 4 6 1 7 0 8 1 9 2 10 9 11 7 12 7 13 0 14 2 15 13 16 11 17 13 18 11 19 0 20 9 21 7 22 1 23 12 24 13 25 16 26 21 27 4 28 5 29 16 30 8 31 28 32 29 33 9 34 28 35 8 36 1 37 33 38 26 39 8 40 8 41 10 42 15 43 12 44 30 45 25 46 6 47 21 48 1 49 47 50 3 51 50 52 26 53 32 54 7 55 45 56 6 57 11 58 30 59 15 60 13 61 27 62 42 63 40 64 7 65 0 66 37 67 23 68 26 69 16 70 43 71 62 72 40 73 65 74 41 75 11 76 61 77 9 78 29 79 3 80 34 81 68 82 66 83 2 84 31 85 65 86 67 87 60 88
12 11 0 1 0 2 0 3 2 4 3 5 2 6 0 7 6 8 6 9 1 10 5 11
94 93 0 1 0 2 1 3 1 4 0 5 1 6 3 7 0 8 1 9 3 10 8 11 9 12 8 13 9 14 5 15 3 16 7 17 8 18 7 19 2 20 0 21 15 22 3 23 15 24 5 25 20 26 10 27 3 28 19 29 28 30 13 31 6 32 1 33 21 34 10 35 19 36 20 37 17 38 13 39 36 40 10 41 1 42 26 43 29 44 43 45 20 46 26 47 34 48 5 49 14 50 33 51 35 52 0 53 23 54 22 55 41 56 40 57 0 58 32 59 41 60 12 61 48 62 56 63 10 64 21 65 41 66 40 67 4 68 17 69 28 70 49 71 56 72 22 73 29 74 1 75 58 76 12 77 42 78 57 79 6 80 4 81 53 82 29 83 49 84 27 85 30 86 15 87 57 88 62 89 59 90 85 91 83 92 30 93
2 1 0 1
6 5 0 1 0 2 0 3 1 4 1 5
41 40 0 1 0 2 1 3 0 4 2 5 4 6 0 7 5 8 5 9 7 10 3 11 4 12 11 13 10 14 12 15 8 16 12 17 0 18 11 19 17 20 17 21 13 22 2 23 1 24 11 25 17 26 11 27 21 28 13 29 23 30 0 31 24 32 25 33 28 34 32 35 18 36 7 37 17 38 7 39 22 40
33 32 0 1 0 2 1 3 2 4 1 5 4 6 1 7 6 8 4 9 4 10 9 11 10 12 8 13 10 14 5 15 6 16 11 17 15 18 6 19 10 20 15 21 12 22 8 23 19 24 3 25 14 26 24 27 17 28 4 29 20 30 8 31 29 32
24 23 0 1 0 2 1 3 0 4 0 5 3 6 2 7 3 8 6 9 7 10 7 11 0 12 2 13 12 14 3 15 6 16 5 17 14 18 13 19 1 20 9 21 8 22 9 23
25 24 0 1 0 2 1 3 0 4 3 5 4 6 4 7 4 8 5 9 7 10 0 11 5 12 5 13 6 14 10 15 0 16 15 17 14 18 1 19 16 20 5 21 1 22 8 23 15 24
63 62 0 1 0 2 0 3 0 4 2 5 0 6 5 7 0 8 0 9 3 10 2 11 1 12 3 13 3 14 12 15 7 16 13 17 6 18 4 19 12 20 0 21 11 22 3 23 7 24 7 25 19 26 13 27 23 28 4 29 20 30 26 31 12 32 11 33 26 34 25 35 28 36 34 37 26 38 4 39 7 40 30 41 25 42 31 43 16 44 10 45 1 46 35 47 30 48 37 49 29 50 5 51 39 52 3 53 34 54 1 55 8 56 24 57 6 58 39 59 55 60 9 61 23 62
60 59 0 1 0 2 1 3 0 4 1 5 0 6 2 7 6 8 4 9 2 10 4 11 2 12 8 13 0 14 4 15 12 16 1 17 9 18 3 19 1 20 1 21 20 22 18 23 1 24 10 25 3 26 24 27 23 28 22 29 25 30 12 31 5 32 3 33 29 34 15 35 29 36 33 37 22 38 15 39 9 40 4 41 1 42 3 43 30 44 39 45 22 46 0 47 29 48 26 49 13 50 26 51 15 52 48 53 40 54 36 55 39 56 4 57 56 58 5 59
32 31 0 1 0 2 0 3 1 4 0 5 0 6 4 7 0 8 1 9 5 10 3 11 4 12 7 13 12 14 3 15 1 16 10 17 6 18 2 19 7 20 9 21 9 22 20 23 9 24 23 25 1 26 13 27 4 28 10 29 19 30 16 31
94 93 0 1 0 2 1 3 2 4 3 5 3 6 5 7 5 8 1 9 8 10 0 11 4 12 5 13 8 14 4 15 0 16 1 17 0 18 4 19 14 20 11 21 4 22 6 23 17 24 3 25 19 26 25 27 14 28 18 29 10 30 17 31 17 32 19 33 29 34 25 35 27 36 13 37 27 38 25 39 8 40 25 41 3 42 7 43 26 44 15 45 29 46 15 47 32 48 25 49 3 50 13 51 40 52 14 53 31 54 33 55 32 56 22 57 21 58 25 59 19 60 7 61 39 62 24 63 28 64 46 65 5 66 2 67 50 68 16 69 62 70 23 71 1 72 8 73 4 74 10 75 65 76 34 77 52 78 21 79 69 80 28 81 61 82 34 83 23 84 69 85 52 86 10 87 21 88 34 89 28 90 83 91 72 92 19 93
61 60 0 1 0 2 1 3 1 4 3 5 2 6 0 7 0 8 4 9 3 10 5 11 6 12 7 13 8 14 6 15 6 16 3 17 8 18 3 19 0 20 13 21 7 22 21 23 1 24 5 25 5 26 12 27 15 28 7 29 0 30 25 31 1 32 0 33 4 34 23 35 1 36 27 37 8 38 12 39 2 40 15 41 4 42 37 43 7 44 16 45 31 46 22 47 22 48 8 49 3 50 26 51 15 52 11 53 7 54 49 55 39 56 8 57 44 58 2 59 39 60
32 31 0 1 0 2 0 3 1 4 3 5 1 6 0 7 6 8 0 9 1 10 1 11 6 12 7 13 10 14 11 15 0 16 6 17 8 18 8 19 15 20 16 21 4 22 3 23 3 24 23 25 7 26 0 27 15 28 12 29 0 30 22 31
70 69 0 1 0 2 0 3 2 4 1 5 0 6 1 7 5 8 6 9 6 10 4 11 10 12 4 13 2 14 10 15 9 16 3 17 14 18 9 19 12 20 12 21 12 22 12 23 16 24 14 25 16 26 17 27 14 28 7 29 17 30 29 31 16 32 28 33 31 34 9 35 21 36 15 37 30 38 32 39 11 40 28 41 36 42 10 43 35 44 7 45 1 46 15 47 34 48 26 49 41 50 49 51 22 52 21 53 32 54 10 55 18 56 39 57 0 58 40 59 38 60 31 61 17 62 17 63 37 64 33 65 27 66 51 67 66 68 3 69
