100
31 30 0 1 0 2 0 3 1 4 2 5 2 6 3 7 5 8 7 9 4 10 4 11 1 12 5 13 3 14 7 15 14 16 5 17 13 18 14 19 0 20 1 21 8 22 5 23 3 24 5 25 7 26 14 27 11 28 4 29 0 30
6 5 0 1 0 2 1 3 1 4 3 5
98 97 0 1 0 2 0 3 0 4 0 5 3 6 1 7 6 8 7 9 8 10 7 11 6 12 4 13 4 14 8 15 8 16 6 17 9 18 4 19 1 20 14 21 8 22 3 23 10 24 14 25 7 26 5 27 21 28 12 29 8 30 25 31 18 32 5 33 25 34 26 35 17 36 13 37 23 38 29 39 9 40 11 41 16 42 41 43 3 44 31 45 18 46 12 47 22 48 33 49 43 50 44 51 32 52 41 53 24 54 9 55 0 56 24 57 36 58 32 59 38 60 5 61 58 62 50 63 44 64 41 65 3 66 1 67 22 68 59 69 60 70 9 71 70 72 59 73 22 74 8 75 49 76 75 77 18 78 14 79 6 80 21 81 35 82 11 83 35 84 65 85 69 86 77 87 47 88 60 89 55 90 70 91 30 92 78 93 59 94 55 95 14 96 8 97
83 82 0 1 0 2 0 3 1 4 3 5 0 6 3 7 4 8 1 9 4 10 9 11 10 12 7 13 7 14 4 15 5 16 6 17 0 18 8 19 5 20 0 21 15 22 18 23 10 24 4 25 19 26 15 27 17 28 14 29 18 30 21 31 29 32 11 33 10 34 11 35 13 36 33 37 31 38 19 39 11 40 10 41 25 42 8 43 39 44 27 45 20 46 42 47 24 48 12 49 38 50 9 51 14 52 6 53 37 54 2 55 54 56 25 57 22 58 8 59 2 60 56 61 36 62 26 63 15 64 53 65 49 66 32 67 16 68 39 69 4 70 46 71 2 72 37 73 25 74 28 75 68 76 11 77 42 78 17 79 37 80 12 81 78 82
58 57 0 1 0 2 1 3 0 4 1 5 3 6 2 7 4 8 0 9 6 10 1 11 8 12 4 13 6 14 6 15 2 16 1 17 1 18 4 19 14 20 6 21 14 22 13 23 12 24 3 25 5 26 25 27 16 28 26 29 23 30 28 31 0 32 4 33 15 34 16 35 0 36 3 37 22 38 8 39 34 40 33 41 4 42 11 43 25 44 36 45 43 46 45 47 42 48 19 49 44 50 43 51 32 52 34 53 36 54 47 55 30 56 34 57
41 40 0 1 0 2 0 3 0 4 2 5 3 6 1 7 0 8 6 9 3 10 8 11 0 12 10 13 5 14 11 15 14 16 7 17 11 18 14 19 2 20 5 21 9 22 15 23 7 24 23 25 17 26 4 27 6 28 23 29 14 30 29 31 18 32 17 33 2 34 13 35 26 36 27 37 35 38 32 39 37 40
46 45 0 1 0 2 0 3 1 4 1 5 2 6 5 7 3 8 4 9 0 10 2 11 0 12 3 13 11 14 11 15 9 16 11 17 3 18 5 19 0 20 5 21 7 22 21 23 16 24 3 25 19 26 18 27 0 28 16 29 2 30 15 31 24 32 27 33 3 34 22 35 29 36 22 37 24 38 9 39 36 40 34 41 18 42 29 43 24 44 41 45
29 28 0 1 0 2 1 3 1 4 3 5 3 6 3 7 2 8 1 9 2 10 6 11 8 12 8 13 2 14 9 15 8 16 7 17 4 18 9 19 1 20 0 21 0 22 15 23 9 24 12 25 6 26 19 27 19 28
33 32 0 1 0 2 1 3 0 4 1 5 3 6 3 7 2 8 1 9 1 10 9 11 0 12 3 13 3 14 1 15 9 16 3 17 7 18 7 19 3 20 16 21 9 22 13 23 5 24 6 25 6 26 18 27 20 28 15 29 14 30 28 31 2 32
43 42 0 1 0 2 1 3 1 4 1 5 2 6 2 7 2 8 6 9 4 10 9 11 7 12 2 13 1 14 2 15 1 16 12 17 5 18 9 19 5 20 11 21 6 22 7 23 21 24 5 25 15 26 22 27 17 28 15 29 26 30 18 31 24 32 0 33 26 34 26 35 33 36 5 37 27 38 29 39 4 40 25 41 7 42
22 21 0 1 0 2 0 3 1 4 3 5 0 6 3 7 2 8 0 9 0 10 0 11 6 12 11 13 0 14 10 15 4 16 0 17 10 18 13 19 7 20 19 21
37 36 0 1 0 2 0 3 2 4 2 5 2 6 4 7 2 8 7 9 0 10 4 11 9 12 8 13 10 14 2 15 1 16 9 17 16 18 17 19 8 20 13 21 13 22 6 23 7 24 22 25 17 26 3 27 6 28 23 29 1 30 29 31 27 32 15 33 27 34 1 35 9 36
7 6 0 1 0 2 0 3 0 4 0 5 0 6
28 27 0 1 0 2 0 3 1 4 3 5 3 6 2 7 6 8 4 9 4 10 0 11 5 12 7 13 3 14 10 15 3 16 4 17 10 18 6 19 1 20 16 21 1 22 0 23 12 24 9 25 8 26 1 27
18 17 0 1 0 2 0 3 1 4 2 5 2 6 4 7 5 8 5 9 3 10 1 11 2 12 3 13 6 14 3 15 12 16 14 17
89 88 0 1 0 2 0 3 1 4 3 5 0 6 4 7 6 8 7 9 4 10 8 11 8 12 1 13 2 14 4 15 2 16 14 17 10 18 12 19 13 20 18 21 12 22 11 23 11 24 10 25 0 26 7 27 8 28 10 29 25 30 29 31 0 32 18 33 19 34 24 35 1 36 26 37 33 38 6 39 5 40 4 41 2 42 13 43 25 44 25 45 33 46 13 47 36 48 38 49 26 50 9 51 15 52 8 53 37 54 12 55 17 56 26 57 33 58 13 59 30 60 48 61 0 62 19 63 15 64 28 65 46 66 45 67 22 68 61 69 38 70 27 71 3 72 50 73 6 74 17 75 33 76 63 77 56 78 64 79 65 80 20 81 77 82 49 83 20 84 53 85 33 86 22 87 35 88
24 23 0 1 0 2 0 3 2 4 3 5 1 6 4 7 6 8 1 9 0 10 2 11 10 12 10 13 3 14 7 15 1 16 7 17 6 18 5 19 7 20 12 21 5 22 11 23
85 84 0 1 0 2 0 3 2 4 0 5 1 6 0 7 0 8 7 9 1 10 6 11 7 12 11 13 9 14 1 15 13 16 2 17 5 18 6 19 13 20 2 21 1 22 5 23 14 24 23 25 8 26 21 27 17 28 3 29 28 30 21 31 20 32 9 33 6 34 25 35 16 36 24 37 14 38 7 39 16 40 18 41 1 42 39 43 35 44 11 45 17 46 37 47 10 48 43 49 41 50 19 51 36 52 23 53 6 54 0 55 50 56 15 57 51 58 23 59 2 60 14 61 34 62 11 63 53 64 60 65 13 66 26 67 62 68 63 69 64 70 11 71 37 72 35 73 43 74 3 75 36 76 32 77 55 78 12 79 35 80 72 81 78 82 12 83 17 84
82 81 0 1 0 2 1 3 0 4 3 5 4 6 5 7 2 8 1 9 0 10 5 11 3 12 7 13 0 14 8 15 10 16 13 17 5 18 16 19 10 20 4 21 15 22 15 23 3 24 22 25 24 26 14 27 15 28 5 29 8 30 8 31 28 32 23 33 32 34 26 35 15 36 1 37 21 38 18 39 16 40 3 41 27 42 40 43 11 44 29 45 18 46 42 47 27 48 44 49 25 50 33 51 39 52 18 53 36 54 12 55 17 56 19 57 45 58 35 59 18 60 35 61 54 62 19 63 53 64 52 65 64 66 40 67 53 68 31 69 56 70 64 71 6 72 67 73 28 74 62 75 38 76 15 77 23 78 7 79 20 80 63 81
71 70 0 1 0 2 1 3 2 4 3 5 1 6 4 7 3 8 7 9 5 10 5 11 7 12 6 13 3 14 9 15 2 16 2 17 11 18 16 19 14 20 18 21 4 22 13 23 0 24 23 25 21 26 7 27 9 28 16 29 6 30 19 31 9 32 19 33 12 34 32 35 0 36 19 37 21 38 22 39 2 40 37 41 19 42 24 43 6 44 43 45 39 46 36 47 16 48 9 49 9 50 48 51 47 52 26 53 7 54 42 55 8 56 10 57 7 58 34 59 50 60 36 61 50 62 49 63 13 64 14 65 63 66 57 67 23 68 7 69 20 70
41 40 0 1 0 2 0 3 2 4 0 5 3 6 3 7 2 8 2 9 7 10 5 11 3 12 9 13 9 14 2 15 7 16 0 17 4 18 6 19 7 20 17 21 17 22 8 23 18 24 13 25 15 26 8 27 2 28 15 29 13 30 15 31 22 32 4 33 1 34 21 35 4 36 21 37 4 38 4 39 20 40
78 77 0 1 0 2 1 3 0 4 1 5 1 6 1 7 2 8 5 9 5 10 4 11 7 12 6 13 10 14 7 15 5 16 15 17 7 18 12 19 17 20 8 21 8 22 4 23 0 24 20 25 7 26 1 27 16 28 15 29 5 30 15 31 13 32 13 33 16 34 29 35 7 36 16 37 23 38 36 39 36 40 24 41 20 42 20 43 24 44 29 45 3 46 34 47 37 48 47 49 7 50 44 51 31 52 19 53 43 54 37 55 4 56 21 57 6 58 34 59 38 60 21 61 33 62 42 63 60 64 47 65 38 66 21 67 25 68 27 69 29 70 33 71 36 72 45 73 40 74 51 75 24 76 54 77
51 50 0 1 0 2 1 3 2 4 3 5 2 6 0 7 0 8 0 9 0 10 5 11 3 12 7 13 1 14 13 15 5 16 11 17 4 18 12 19 5 20 9 21 16 22 12 23 15 24 7 25 2 26 2 27 8 28 16 29 23 30 3 31 25 32 28 33 24 34 0 35 5 36 17 37 35 38 31 39 33 40 24 41 18 42 11 43 28 44 43 45 3 46 5 47 46 48 17 49 30 50
61 60 0 1 0 2 1 3 1 4 0 5 2 6 4 7 6 8 0 9 8 10 1 11 6 12 6 13 7 14 6 15 6 16 7 17 12 18 2 19 14 20 16 21 12 22 17 23 20 24 13 25 16 26 8 27 25 28 4 29 11 30 3 31 8 32 28 33 29 34 7 35 18 36 11 37 26 38 22 39 4 40 14 41 21 42 17 43 4 44 42 45 5 46 42 47 38 48 19 49 16 50 20 51 27 52 41 53 2 54 49 55 43 56 27 57 17 58 40 59 26 60
33 32 0 1 0 2 1 3 1 4 3 5 2 6 2 7 2 8 6 9 7 10 5 11 6 12 0 13 5 14 10 15 12 16 9 17 13 18 14 19 5 20 19 21 2 22 21 23 16 24 17 25 20 26 9 27 20 28 18 29 12 30 24 31 6 32
70 69 0 1 0 2 1 3 2 4 2 5 2 6 4 7 2 8 6 9 1 10 7 11 6 12 1 13 4 14 10 15 2 16 5 17 4 18 1 19 11 20 11 21 6 22 14 23 12 24 0 25 14 26 11 27 25 28 1 29 25 30 19 31 4 32 27 33 27 34 26 35 31 36 16 37 21 38 32 39 22 40 32 41 19 42 16 43 8 44 30 45 11 46 30 47 15 48 7 49 3 50 43 51 31 52 51 53 28 54 5 55 53 56 23 57 54 58 29 59 36 60 27 61 40 62 49 63 41 64 13 65 40 66 13 67 63 68 57 69
58 57 0 1 0 2 0 3 2 4 1 5 3 6 2 7 1 8 3 9 1 10 2 11 10 12 5 13 7 14 5 15 13 16 8 17 16 18 14 19 16 20 5 21 3 22 0 23 9 24 9 25 2 26 6 27 23 28 8 29 16 30 4 31 7 32 4 33 7 34 24 35 29 36 22 37 21 38 19 39 7 40 3 41 9 42 12 43 35 44 6 45 10 46 38 47 35 48 6 49 42 50 11 51 2 52 7 53 30 54 15 55 31 56 15 57
62 61 0 1 0 2 1 3 0 4 3 5 1 6 4 7 3 8 4 9 7 10 0 11 8 12 2 13 9 14 8 15 10 16 6 17 0 18 1 19 5 20 17 21 16 22 19 23 20 24 7 25 7 26 14 27 12 28 14 29 10 30 13 31 6 32 5 33 30 34 14 35 13 36 29 37 36 38 34 39 31 40 38 41 25 42 16 43 32 44 5 45 33 46 41 47 8 48 34 49 10 50 23 51 7 52 13 53 10 54 41 55 22 56 44 57 28 58 7 59 1 60 1 61
37 36 0 1 0 2 0 3 1 4 3 5 3 6 0 7 4 8 6 9 4 10 9 11 3 12 8 13 7 14 2 15 9 16 1 17 10 18 7 19 2 20 3 21 9 22 17 23 8 24 10 25 0 26 12 27 23 28 3 29 25 30 3 31 12 32 15 33 21 34 21 35 24 36
56 55 0 1 0 2 0 3 2 4 1 5 1 6 3 7 6 8 7 9 1 10 0 11 9 12 9 13 2 14 12 15 10 16 13 17 14 18 12 19 16 20 8 21 6 22 10 23 2 24 7 25 20 26 16 27 15 28 1 29 18 30 1 31 22 32 20 33 5 34 12 35 0 36 4 37 4 38 23 39 20 40 23 41 39 42 32 43 16 44 12 45 30 46 13 47 18 48 15 49 14 50 33 51 25 52 36 53 35 54 47 55
99 98 0 1 0 2 0 3 2 4 2 5 3 6 1 7 1 8 3 9 4 10 4 11 2 12 0 13 1 14 6 15 13 16 11 17 2 18 5 19 17 20 17 21 7 22 15 23 12 24 9 25 21 26 5 27 12 28 27 29 4 30 8 31 3 32 31 33 17 34 19 35 1 36 20 37 18 38 35 39 38 40 27 41 17 42 12 43 29 44 3 45 19 46 30 47 4 48 35 49 16 50 27 51 27 52 44 53 26 54 46 55 15 56 50 57 27 58 14 59 7 60 9 61 17 62 44 63 44 64 16 65 4 66 40 67 5 68 17 69 68 70 66 71 20 72 1 73 15 74 58 75 49 76 15 77 40 78 27 79 19 80 66 81 26 82 16 83 9 84 75 85 44 86 83 87 33 88 71 89 88 90 59 91 81 92 80 93 68 94 43 95 61 96 27 97 18 98
79 78 0 1 0 2 0 3 0 4 0 5 0 6 1 7 4 8 1 9 4 10 5 11 9 12 5 13 8 14 1 15 7 16 8 17 15 18 10 19 6 20 6 21 7 22 3 23 4 24 5 25 24 26 14 27 24 28 9 29 7 30 24 31 13 32 19 33 25 34 23 35 8 36 4 37 11 38 20 39 3 40 15 41 12 42 31 43 42 44 33 45 14 46 10 47 16 48 3 49 16 50 11 51 49 52 39 53 26 54 46 55 53 56 52 57 49 58 57 59 27 60 54 61 31 62 56 63 29 64 44 65 23 66 42 67 32 68 24 69 2 70 30 71 53 72 65 73 27 74 16 75 26 76 41 77 5 78
62 61 0 1 0 2 1 3 2 4 1 5 0 6 2 7 3 8 7 9 6 10 5 11 1 12 10 13 9 14 5 15 10 16 4 17 4 18 2 19 15 20 16 21 15 22 13 23 18 24 22 25 13 26 7 27 21 28 16 29 27 30 14 31 9 32 28 33 31 34 1 35 31 36 4 37 13 38 26 39 31 40 34 41 37 42 11 43 4 44 32 45 41 46 18 47 17 48 0 49 15 50 32 51 22 52 43 53 27 54 6 55 23 56 0 57 54 58 6 59 37 60 23 61
96 95 0 1 0 2 0 3 0 4 1 5 1 6 4 7 3 8 7 9 5 10 2 11 7 12 3 13 7 14 0 15 8 16 14 17 9 18 12 19 7 20 19 21 1 22 3 23 21 24 21 25 11 26 6 27 5 28 7 29 5 30 22 31 5 32 9 33 23 34 16 35 21 36 26 37 19 38 33 39 10 40 30 41 18 42 35 43 0 44 9 45 5 46 23 47 33 48 28 49 28 50 4 51 2 52 46 53 6 54 35 55 21 56 41 57 15 58 44 59 45 60 47 61 27 62 44 63 28 64 5 65 54 66 12 67 9 68 14 69 27 70 66 71 43 72 70 73 29 74 6 75 40 76 41 77 24 78 41 79 61 80 34 81 53 82 55 83 71 84 59 85 38 86 76 87 43 88 5 89 59 90 54 91 53 92 64 93 48 94 23 95
2 1 0 1
73 72 0 1 0 2 0 3 1 4 1 5 4 6 4 7 2 8 0 9 1 10 1 11 7 12 9 13 5 14 13 15 6 16 8 17 4 18 13 19 7 20 2 21 16 22 10 23 2 24 7 25 13 26 17 27 6 28 7 29 25 30 21 31 12 32 12 33 16 34 25 35 30 36 15 37 17 38 18 39 33 40 19 41 9 42 11 43 6 44 7 45 14 46 37 47 30 48 1 49 13 50 0 51 47 52 12 53 14 54 25 55 12 56 40 57 6 58 53 59 16 60 6 61 17 62 36 63 44 64 28 65 27 66 30 67 27 68 65 69 40 70 40 71 66 72
17 16 0 1 0 2 1 3 0 4 1 5 0 6 2 7 1 8 5 9 7 10 9 11 1 12 8 13 6 14 12 15 10 16
30 29 0 1 0 2 0 3 1 4 3 5 4 6 0 7 4 8 2 9 3 10 3 11 6 12 8 13 0 14 7 15 5 16 0 17 14 18 6 19 11 20 18 21 1 22 21 23 4 24 8 25 1 26 6 27 11 28 7 29
95 94 0 1 0 2 0 3 0 4 1 5 0 6 3 7 3 8 6 9 3 10 6 11 3 12 1 13 2 14 10 15 8 16 6 17 9 18 11 19 11 20 3 21 16 22 17 23 5 24 23 25 10 26 7 27 17 28 9 29 12 30 2 31 30 32 21 33 4 34 32 35 31 36 8 37 4 38 5 39 25 40 14 41 40 42 28 43 37 44 22 45 14 46 13 47 33 48 8 49 10 50 3 51 49 52 6 53 27 54 45 55 4 56 9 57 17 58 11 59 42 60 35 61 33 62 52 63 30 64 34 65 61 66 42 67 43 68 11 69 28 70 32 71 16 72 4 73 19 74 8 75 73 76 19 77 58 78 39 79 63 80 16 81 58 82 8 83 74 84 8 85 72 86 4 87 54 88 38 89 39 90 77 91 59 92 80 93 80 94
84 83 0 1 0 2 0 3 0 4 2 5 3 6 5 7 6 8 5 9 7 10 6 11 0 12 5 13 4 14 3 15 2 16 11 17 4 18 3 19 17 20 5 21 16 22 16 23 9 24 23 25 12 26 10 27 16 28 19 29 11 30 22 31 5 32 27 33 20 34 33 35 23 36 35 37 13 38 21 39 0 40 35 41 0 42 34 43 28 44 40 45 11 46 13 47 13 48 34 49 23 50 19 51 15 52 43 53 4 54 51 55 0 56 42 57 4 58 19 59 36 60 51 61 23 62 31 63 14 64 2 65 7 66 15 67 1 68 31 69 31 70 20 71 41 72 15 73 54 74 3 75 2 76 54 77 42 78 8 79 39 80 5 81 30 82 58 83
75 74 0 1 0 2 1 3 1 4 3 5 1 6 4 7 3 8 2 9 2 10 9 11 3 12 2 13 1 14 0 15 3 16 8 17 12 18 0 19 9 20 0 21 8 22 14 23 12 24 8 25 9 26 4 27 5 28 18 29 6 30 14 31 5 32 20 33 14 34 10 35 2 36 1 37 1 38 27 39 9 40 21 41 37 42 27 43 40 44 42 45 31 46 4 47 19 48 28 49 0 50 11 51 35 52 16 53 29 54 41 55 11 56 42 57 23 58 50 59 23 60 9 61 38 62 30 63 40 64 35 65 44 66 64 67 50 68 63 69 39 70 10 71 11 72 14 73 14 74
96 95 0 1 0 2 0 3 0 4 0 5 2 6 4 7 1 8 6 9 4 10 7 11 2 12 6 13 7 14 2 15 3 16 6 17 14 18 8 19 14 20 7 21 20 22 14 23 3 24 7 25 20 26 25 27 10 28 11 29 0 30 23 31 19 32 11 33 16 34 29 35 18 36 35 37 6 38 24 39 0 40 34 41 23 42 7 43 35 44 25 45 24 46 14 47 5 48 8 49 34 50 40 51 33 52 9 53 44 54 48 55 1 56 18 57 43 58 51 59 3 60 31 61 53 62 19 63 37 64 50 65 6 66 13 67 5 68 67 69 56 70 33 71 45 72 46 73 56 74 41 75 65 76 57 77 48 78 34 79 57 80 39 81 18 82 29 83 4 84 63 85 66 86 28 87 86 88 84 89 75 90 8 91 25 92 24 93 34 94 50 95
85 84 0 1 0 2 0 3 2 4 0 5 4 6 1 7 1 8 6 9 7 10 6 11 8 12 10 13 9 14 12 15 1 16 12 17 5 18 1 19 18 20 14 21 6 22 15 23 20 24 22 25 8 26 11 27 22 28 20 29 11 30 29 31 27 32 31 33 8 34 4 35 13 36 20 37 33 38 16 39 16 40 16 41 5 42 30 43 8 44 21 45 8 46 5 47 41 48 42 49 37 50 43 51 14 52 30 53 33 54 52 55 41 56 43 57 10 58 56 59 51 60 44 61 4 62 48 63 0 64 12 65 57 66 11 67 61 68 9 69 53 70 64 71 51 72 65 73 54 74 16 75 74 76 4 77 17 78 69 79 62 80 20 81 16 82 76 83 71 84
95 94 0 1 0 2 1 3 0 4 3 5 1 6 4 7 2 8 7 9 5 10 2 11 5 12 1 13 11 14 6 15 6 16 2 17 10 18 17 19 2 20 17 21 18 22 21 23 2 24 21 25 4 26 17 27 7 28 11 29 23 30 22 31 5 32 20 33 2 34 29 35 14 36 24 37 18 38 7 39 1 40 23 41 6 42 10 43 7 44 25 45 9 46 39 47 19 48 22 49 26 50 7 51 30 52 24 53 3 54 30 55 36 56 52 57 54 58 18 59 3 60 42 61 13 62 44 63 6 64 39 65 1 66 6 67 14 68 12 69 34 70 31 71 11 72 59 73 40 74 45 75 55 76 17 77 1 78 22 79 65 80 46 81 32 82 37 83 12 84 12 85 9 86 50 87 14 88 22 89 43 90 20 91 6 92 62 93 66 94
15 14 0 1 0 2 1 3 1 4 3 5 3 6 4 7 0 8 7 9 1 10 2 11 3 12 8 13 12 14
40 39 0 1 0 2 0 3 2 4 2 5 3 6 1 7 2 8 5 9 2 10 3 11 7 12 9 13 7 14 1 15 13 16 15 17 8 18 14 19 0 20 6 21 10 22 7 23 8 24 15 25 22 26 14 27 0 28 16 29 11 30 29 31 16 32 24 33 23 34 23 35 9 36 30 37 17 38 23 39
84 83 0 1 0 2 0 3 2 4 3 5 3 6 1 7 4 8 7 9 7 10 7 11 3 12 7 13 0 14 8 15 13 16 1 17 8 18 4 19 7 20 15 21 11 22 20 23 11 24 6 25 10 26 23 27 9 28 18 29 0 30 13 31 0 32 27 33 22 34 7 35 15 36 27 37 12 38 6 39 38 40 7 41 37 42 8 43 18 44 12 45 41 46 12 47 3 48 33 49 18 50 49 51 2 52 31 53 3 54 35 55 36 56 43 57 28 58 55 59 57 60 2 61 7 62 2 63 52 64 32 65 5 66 45 67 43 68 5 69 68 70 42 71 31 72 11 73 57 74 19 75 6 76 17 77 55 78 72 79 11 80 1 81 71 82 33 83
74 73 0 1 0 2 1 3 0 4 3 5 0 6 2 7 6 8 1 9 3 10 4 11 9 12 8 13 10 14 3 15 5 16 0 17 12 18 14 19 10 20 8 21 20 22 4 23 2 24 20 25 23 26 23 27 4 28 15 29 11 30 24 31 9 32 3 33 22 34 25 35 31 36 9 37 8 38 17 39 8 40 6 41 23 42 2 43 0 44 4 45 12 46 25 47 8 48 11 49 40 50 41 51 3 52 0 53 6 54 0 55 11 56 32 57 24 58 16 59 38 60 49 61 24 62 56 63 1 64 19 65 8 66 51 67 5 68 40 69 18 70 58 71 62 72 53 73
54 53 0 1 0 2 1 3 1 4 2 5 0 6 1 7 0 8 7 9 4 10 1 11 7 12 2 13 4 14 1 15 9 16 0 17 9 18 16 19 8 20 4 21 2 22 13 23 20 24 19 25 20 26 16 27 2 28 18 29 20 30 15 31 5 32 22 33 13 34 11 35 16 36 32 37 3 38 6 39 9 40 4 41 40 42 28 43 38 44 9 45 11 46 8 47 29 48 29 49 17 50 40 51 27 52 11 53
54 53 0 1 0 2 0 3 1 4 0 5 2 6 0 7 2 8 1 9 0 10 9 11 10 12 2 13 5 14 12 15 14 16 7 17 7 18 11 19 9 20 10 21 8 22 6 23 22 24 12 25 11 26 21 27 13 28 13 29 24 30 13 31 6 32 1 33 10 34 0 35 2 36 20 37 31 38 0 39 37 40 39 41 24 42 7 43 5 44 4 45 36 46 45 47 28 48 28 49 2 50 25 51 47 52 32 53
53 52 0 1 0 2 0 3 0 4 2 5 4 6 4 7 3 8 7 9 0 10 9 11 10 12 4 13 5 14 12 15 11 16 13 17 6 18 13 19 3 20 17 21 12 22 11 23 2 24 10 25 13 26 1 27 9 28 13 29 28 30 18 31 0 32 16 33 29 34 5 35 7 36 20 37 13 38 2 39 17 40 26 41 31 42 28 43 7 44 40 45 6 46 26 47 5 48 25 49 16 50 45 51 4 52
37 36 0 1 0 2 0 3 2 4 1 5 1 6 0 7 3 8 5 9 6 10 2 11 6 12 10 13 9 14 6 15 5 16 13 17 6 18 7 19 18 20 11 21 17 22 9 23 12 24 10 25 10 26 21 27 13 28 14 29 17 30 27 31 0 32 27 33 0 34 24 35 6 36
79 78 0 1 0 2 1 3 2 4 1 5 2 6 5 7 2 8 6 9 7 10 4 11 7 12 8 13 10 14 5 15 4 16 7 17 9 18 17 19 8 20 16 21 18 22 12 23 18 24 11 25 0 26 17 27 2 28 1 29 23 30 16 31 0 32 28 33 27 34 23 35 11 36 13 37 20 38 28 39 29 40 32 41 19 42 2 43 34 44 34 45 5 46 45 47 25 48 30 49 39 50 39 51 23 52 42 53 17 54 19 55 4 56 26 57 34 58 12 59 46 60 37 61 4 62 15 63 60 64 38 65 15 66 63 67 66 68 11 69 7 70 22 71 44 72 7 73 41 74 57 75 65 76 59 77 52 78
34 33 0 1 0 2 1 3 0 4 0 5 1 6 5 7 3 8 7 9 7 10 3 11 5 12 7 13 8 14 1 15 9 16 13 17 13 18 9 19 10 20 10 21 16 22 7 23 18 24 3 25 15 26 13 27 18 28 6 29 13 30 7 31 7 32 14 33
51 50 0 1 0 2 1 3 1 4 1 5 2 6 5 7 1 8 1 9 5 10 5 11 4 12 4 13 7 14 5 15 13 16 14 17 1 18 17 19 4 20 19 21 5 22 0 23 17 24 11 25 6 26 11 27 11 28 12 29 28 30 4 31 10 32 11 33 8 34 25 35 18 36 34 37 5 38 28 39 37 40 29 41 5 42 38 43 39 44 27 45 6 46 39 47 29 48 36 49 47 50
14 13 0 1 0 2 0 3 1 4 2 5 4 6 3 7 5 8 7 9 6 10 7 11 9 12 7 13
17 16 0 1 0 2 1 3 0 4 3 5 1 6 5 7 6 8 5 9 5 10 8 11 3 12 8 13 7 14 9 15 6 16
71 70 0 1 0 2 0 3 1 4 3 5 2 6 5 7 1 8 4 9 3 10 4 11 2 12 1 13 9 14 1 15 3 16 13 17 11 18 11 19 13 20 14 21 8 22 6 23 1 24 14 25 8 26 9 27 11 28 8 29 16 30 28 31 26 32 21 33 2 34 0 35 5 36 16 37 24 38 22 39 3 40 23 41 37 42 8 43 26 44 18 45 10 46 34 47 43 48 30 49 44 50 20 51 28 52 32 53 44 54 18 55 16 56 0 57 9 58 53 59 21 60 45 61 57 62 13 63 51 64 14 65 41 66 63 67 7 68 2 69 56 70
56 55 0 1 0 2 0 3 1 4 3 5 1 6 1 7 0 8 0 9 0 10 7 11 2 12 3 13 7 14 11 15 12 16 15 17 13 18 8 19 17 20 16 21 3 22 15 23 11 24 0 25 7 26 8 27 15 28 18 29 10 30 26 31 29 32 13 33 19 34 25 35 16 36 3 37 19 38 0 39 12 40 2 41 35 42 18 43 23 44 15 45 44 46 32 47 45 48 44 49 7 50 8 51 20 52 49 53 12 54 40 55
97 96 0 1 0 2 1 3 2 4 1 5 2 6 1 7 3 8 0 9 7 10 7 11 1 12 10 13 0 14 5 15 11 16 15 17 10 18 3 19 11 20 9 21 4 22 13 23 3 24 4 25 1 26 6 27 5 28 10 29 10 30 28 31 16 32 17 33 29 34 11 35 26 36 24 37 27 38 2 39 31 40 1 41 3 42 13 43 34 44 37 45 20 46 2 47 31 48 25 49 23 50 37 51 18 52 0 53 16 54 47 55 35 56 55 57 56 58 39 59 58 60 28 61 0 62 6 63 7 64 41 65 5 66 25 67 45 68 37 69 25 70 2 71 63 72 7 73 53 74 59 75 24 76 19 77 76 78 69 79 32 80 0 81 66 82 5 83 19 84 18 85 59 86 56 87 63 88 33 89 7 90 11 91 49 92 39 93 44 94 39 95 91 96
70 69 0 1 0 2 1 3 2 4 2 5 3 6 3 7 3 8 2 9 2 10 3 11 8 12 1 13 1 14 3 15 12 16 2 17 3 18 6 19 7 20 12 21 11 22 21 23 14 24 5 25 13 26 4 27 2 28 21 29 4 30 7 31 15 32 9 33 19 34 5 35 2 36 30 37 20 38 36 39 8 40 11 41 24 42 16 43 5 44 1 45 18 46 36 47 39 48 14 49 22 50 43 51 14 52 6 53 45 54 47 55 18 56 44 57 10 58 23 59 19 60 44 61 24 62 6 63 25 64 26 65 59 66 36 67 18 68 67 69
24 23 0 1 0 2 0 3 0 4 3 5 3 6 1 7 4 8 3 9 4 10 0 11 8 12 9 13 0 14 0 15 11 16 10 17 6 18 4 19 15 20 1 21 13 22 15 23
35 34 0 1 0 2 1 3 2 4 0 5 3 6 1 7 6 8 7 9 1 10 4 11 9 12 10 13 5 14 10 15 6 16 14 17 5 18 12 19 7 20 16 21 20 22 9 23 1 24 5 25 10 26 5 27 7 28 15 29 28 30 27 31 18 32 1 33 0 34
8 7 0 1 0 2 0 3 1 4 0 5 1 6 5 7
1 0
81 80 0 1 0 2 1 3 0 4 3 5 1 6 0 7 6 8 3 9 8 10 3 11 8 12 10 13 8 14 11 15 0 16 0 17 9 18 11 19 13 20 1 21 5 22 12 23 12 24 2 25 21 26 6 27 8 28 0 29 13 30 9 31 1 32 24 33 9 34 5 35 14 36 9 37 7 38 26 39 3 40 17 41 31 42 18 43 12 44 11 45 17 46 11 47 10 48 26 49 28 50 9 51 14 52 2 53 45 54 50 55 39 56 52 57 30 58 56 59 49 60 45 61 5 62 61 63 1 64 31 65 23 66 61 67 14 68 61 69 36 70 27 71 57 72 40 73 3 74 22 75 64 76 62 77 45 78 27 79 2 80
74 73 0 1 0 2 1 3 1 4 2 5 4 6 4 7 4 8 4 9 8 10 3 11 0 12 10 13 2 14 5 15 11 16 1 17 12 18 0 19 7 20 14 21 17 22 3 23 9 24 1 25 17 26 22 27 12 28 26 29 23 30 28 31 6 32 10 33 4 34 14 35 31 36 1 37 10 38 7 39 21 40 38 41 26 42 23 43 5 44 24 45 22 46 8 47 7 48 43 49 46 50 29 51 21 52 11 53 31 54 40 55 32 56 4 57 16 58 51 59 3 60 43 61 23 62 36 63 56 64 9 65 11 66 6 67 41 68 45 69 1 70 63 71 12 72 62 73
36 35 0 1 0 2 0 3 1 4 0 5 4 6 4 7 0 8 2 9 1 10 3 11 4 12 7 13 2 14 10 15 5 16 9 17 16 18 9 19 9 20 13 21 19 22 20 23 12 24 21 25 10 26 25 27 14 28 7 29 28 30 27 31 11 32 23 33 1 34 29 35
22 21 0 1 0 2 1 3 2 4 2 5 2 6 5 7 3 8 7 9 4 10 9 11 2 12 2 13 10 14 6 15 12 16 3 17 7 18 12 19 17 20 17 21
29 28 0 1 0 2 1 3 0 4 1 5 4 6 0 7 0 8 4 9 4 10 4 11 0 12 5 13 2 14 8 15 3 16 6 17 9 18 5 19 12 20 16 21 4 22 21 23 18 24 16 25 15 26 0 27 1 28
36 35 0 1 0 2 1 3 0 4 0 5 2 6 3 7 2 8 6 9 5 10 1 11 5 12 4 13 6 14 4 15 10 16 5 17 13 18 8 19 5 20 4 21 19 22 3 23 18 24 15 25 23 26 15 27 23 28 20 29 11 30 3 31 21 32 18 33 18 34 13 35
10 9 0 1 0 2 0 3 1 4 1 5 2 6 5 7 0 8 2 9
24 23 0 1 0 2 1 3 0 4 1 5 3 6 5 7 4 8 0 9 1 10 4 11 1 12 4 13 2 14 2 15 2 16 7 17 9 18 12 19 8 20 17 21 9 22 18 23
70 69 0 1 0 2 1 3 0 4 2 5 2 6 1 7 5 8 1 9 7 10 1 11 9 12 9 13 12 14 10 15 7 16 11 17 2 18 6 19 17 20 6 21 6 22 2 23 19 24 16 25 15 26 24 27 24 28 26 29 7 30 19 31 20 32 24 33 17 34 15 35 27 36 16 37 10 38 3 39 16 40 22 41 40 42 6 43 0 44 13 45 6 46 29 47 8 48 37 49 10 50 23 51 19 52 48 53 8 54 31 55 4 56 47 57 56 58 23 59 2 60 57 61 29 62 60 63 55 64 46 65 54 66 26 67 21 68 34 69
25 24 0 1 0 2 0 3 1 4 0 5 1 6 5 7 6 8 0 9 1 10 1 11 10 12 6 13 2 14 0 15 1 16 0 17 8 18 8 19 6 20 14 21 1 22 7 23 5 24
66 65 0 1 0 2 0 3 1 4 0 5 0 6 1 7 2 8 5 9 2 10 9 11 9 12 9 13 2 14 7 15 6 16 8 17 10 18 5 19 3 20 18 21 16 22 3 23 16 24 14 25 0 26 7 27 12 28 5 29 21 30 18 31 28 32 22 33 31 34 24 35 9 36 12 37 0 38 4 39 35 40 6 41 15 42 8 43 22 44 9 45 22 46 14 47 10 48 44 49 23 50 11 51 35 52 47 53 5 54 5 55 24 56 49 57 47 58 45 59 27 60 42 61 50 62 29 63 28 64 41 65
47 46 0 1 0 2 0 3 2 4 3 5 2 6 3 7 4 8 3 9 6 10 7 11 0 12 1 13 2 14 8 15 4 16 12 17 10 18 4 19 17 20 13 21 15 22 12 23 12 24 1 25 13 26 11 27 26 28 23 29 23 30 27 31 22 32 6 33 4 34 21 35 5 36 35 37 9 38 34 39 13 40 6 41 40 42 20 43 29 44 8 45 38 46
86 85 0 1 0 2 0 3 1 4 2 5 2 6 0 7 0 8 2 9 4 10 4 11 2 12 9 13 3 14 13 15 14 16 5 17 6 18 4 19 13 20 17 21 2 22 6 23 8 24 10 25 14 26 1 27 24 28 11 29 7 30 2 31 24 32 21 33 12 34 23 35 15 36 9 37 24 38 3 39 4 40 37 41 12 42 38 43 5 44 40 45 20 46 10 47 25 48 35 49 1 50 22 51 3 52 49 53 51 54 43 55 13 56 22 57 5 58 56 59 56 60 41 61 56 62 22 63 60 64 12 65 27 66 51 67 59 68 60 69 18 70 4 71 65 72 26 73 39 74 34 75 6 76 21 77 38 78 12 79 53 80 13 81 23 82 51 83 12 84 54 85
35 34 0 1 0 2 0 3 0 4 3 5 0 6 1 7 0 8 4 9 8 10 2 11 9 12 6 13 11 14 2 15 6 16 4 17 11 18 5 19 6 20 12 21 13 22 10 23 17 24 2 25 24 26 9 27 14 28 2 29 4 30 0 31 4 32 9 33 10 34
61 60 0 1 0 2 0 3 0 4 0 5 3 6 2 7 0 8 7 9 7 10 7 11 10 12 1 13 7 14 3 15 6 16 12 17 2 18 9 19 7 20 10 21 15 22 5 23 10 24 5 25 16 26 17 27 21 28 19 29 18 30 23 31 9 32 10 33 22 34 19 35 3 36 9 37 31 38 30 39 26 40 36 41 2 42 39 43 30 44 5 45 41 46 8 47 20 48 13 49 3 50 18 51 49 52 31 53 38 54 7 55 45 56 7 57 16 58 10 59 44 60
13 12 0 1 0 2 0 3 0 4 0 5 0 6 4 7 6 8 4 9 4 10 4 11 2 12
62 61 0 1 0 2 1 3 0 4 3 5 3 6 5 7 2 8 0 9 5 10 4 11 1 12 3 13 6 14 8 15 11 16 3 17 0 18 5 19 8 20 1 21 14 22 12 23 11 24 8 25 11 26 10 27 12 28 26 29 0 30 12 31 30 32 22 33 9 34 14 35 19 36 11 37 19 38 27 39 4 40 2 41 8 42 4 43 20 44 28 45 26 46 8 47 29 48 15 49 47 50 36 51 34 52 22 53 4 54 29 55 37 56 47 57 46 58 11 59 41 60 29 61
23 22 0 1 0 2 1 3 0 4 1 5 1 6 1 7 0 8 0 9 2 10 8 11 2 12 11 13 6 14 11 15 5 16 8 17 9 18 12 19 15 20 17 21 0 22
2 1 0 1
76 75 0 1 0 2 0 3 2 4 1 5 4 6 0 7 3 8 5 9 2 10 8 11 3 12 6 13 7 14 5 15 6 16 15 17 14 18 2 19 5 20 17 21 20 22 20 23 10 24 18 25 20 26 3 27 17 28 13 29 13 30 2 31 16 32 12 33 8 34 33 35 25 36 13 37 29 38 32 39 28 40 28 41 14 42 8 43 30 44 15 45 26 46 0 47 44 48 26 49 1 50 42 51 8 52 22 53 51 54 42 55 21 56 47 57 17 58 14 59 13 60 19 61 58 62 24 63 37 64 23 65 30 66 30 67 50 68 67 69 54 70 24 71 0 72 20 73 9 74 21 75
48 47 0 1 0 2 1 3 2 4 3 5 2 6 0 7 5 8 3 9 4 10 2 11 9 12 6 13 2 14 11 15 1 16 13 17 7 18 10 19 14 20 11 21 7 22 13 23 1 24 1 25 22 26 17 27 10 28 1 29 19 30 19 31 13 32 24 33 6 34 28 35 10 36 32 37 31 38 27 39 34 40 2 41 32 42 8 43 24 44 17 45 19 46 45 47
16 15 0 1 0 2 0 3 1 4 2 5 4 6 0 7 4 8 4 9 5 10 4 11 0 12 3 13 11 14 1 15
30 29 0 1 0 2 0 3 1 4 2 5 2 6 1 7 2 8 4 9 0 10 3 11 2 12 9 13 4 14 3 15 7 16 5 17 3 18 11 19 6 20 15 21 10 22 10 23 2 24 9 25 3 26 11 27 6 28 1 29
75 74 0 1 0 2 1 3 2 4 3 5 0 6 0 7 1 8 0 9 5 10 8 11 9 12 3 13 1 14 13 15 14 16 4 17 15 18 0 19 5 20 1 21 10 22 5 23 5 24 17 25 11 26 15 27 5 28 13 29 27 30 19 31 26 32 16 33 7 34 13 35 4 36 7 37 32 38 29 39 10 40 38 41 37 42 16 43 18 44 9 45 27 46 4 47 34 48 20 49 4 50 45 51 50 52 38 53 30 54 23 55 23 56 20 57 46 58 52 59 56 60 42 61 27 62 59 63 21 64 20 65 48 66 21 67 30 68 2 69 62 70 4 71 5 72 51 73 64 74
44 43 0 1 0 2 0 3 0 4 1 5 3 6 5 7 3 8 1 9 0 10 3 11 8 12 5 13 4 14 13 15 9 16 0 17 15 18 10 19 12 20 17 21 19 22 13 23 11 24 9 25 21 26 8 27 15 28 5 29 16 30 15 31 30 32 2 33 31 34 12 35 34 36 16 37 27 38 25 39 27 40 38 41 36 42 13 43
1 0
52 51 0 1 0 2 0 3 0 4 0 5 3 6 0 7 6 8 0 9 1 10 4 11 6 12 4 13 5 14 4 15 5 16 3 17 5 18 14 19 2 20 1 21 3 22 8 23 2 24 22 25 7 26 17 27 5 28 27 29 24 30 26 31 8 32 3 33 11 34 32 35 13 36 2 37 8 38 34 39 25 40 21 41 7 42 16 43 2 44 27 45 8 46 24 47 46 48 7 49 33 50 43 51
9 8 0 1 0 2 1 3 1 4 1 5 0 6 5 7 0 8
14 13 0 1 0 2 1 3 2 4 1 5 4 6 4 7 2 8 4 9 2 10 1 11 3 12 9 13
54 53 0 1 0 2 0 3 1 4 2 5 2 6 0 7 6 8 5 9 8 10 7 11 6 12 3 13 2 14 12 15 0 16 9 17 2 18 0 19 16 20 5 21 5 22 4 23 20 24 13 25 17 26 4 27 0 28 24 29 13 30 27 31 19 32 24 33 27 34 29 35 24 36 23 37 14 38 27 39 3 40 12 41 1 42 31 43 41 44 41 45 29 46 1 47 38 48 14 49 4 50 14 51 26 52 31 53
49 48 0 1 0 2 1 3 1 4 0 5 4 6 1 7 4 8 7 9 5 10 7 11 10 12 3 13 8 14 3 15 14 16 1 17 9 18 12 19 15 20 2 21 7 22 4 23 14 24 13 25 18 26 0 27 2 28 19 29 23 30 0 31 3 32 22 33 4 34 32 35 4 36 14 37 26 38 15 39 13 40 23 41 38 42 8 43 16 44 27 45 40 46 35 47 39 48
47 46 0 1 0 2 0 3 1 4 0 5 4 6 2 7 5 8 4 9 8 10 1 11 8 12 0 13 9 14 12 15 10 16 14 17 16 18 3 19 4 20 18 21 19 22 5 23 0 24 10 25 21 26 21 27 12 28 17 29 27 30 12 31 21 32 23 33 24 34 21 35 6 36 29 37 21 38 13 39 36 40 11 41 4 42 1 43 11 44 13 45 5 46
82 81 0 1 0 2 0 3 2 4 0 5 3 6 1 7 4 8 3 9 1 10 0 11 0 12 1 13 5 14 8 15 5 16 14 17 1 18 9 19 9 20 18 21 3 22 21 23 10 24 11 25 4 26 18 27 25 28 9 29 10 30 15 31 28 32 7 33 24 34 12 35 11 36 12 37 31 38 14 39 19 40 7 41 3 42 4 43 36 44 13 45 37 46 36 47 45 48 16 49 47 50 12 51 3 52 27 53 19 54 15 55 29 56 6 57 22 58 17 59 57 60 17 61 33 62 39 63 37 64 24 65 36 66 65 67 5 68 57 69 28 70 6 71 13 72 44 73 9 74 31 75 2 76 72 77 6 78 16 79 37 80 61 81
83 82 0 1 0 2 1 3 2 4 0 5 0 6 1 7 2 8 5 9 8 10 3 11 1 12 9 13 0 14 0 15 1 16 2 17 10 18 9 19 2 20 2 21 3 22 2 23 7 24 16 25 3 26 4 27 26 28 22 29 19 30 22 31 20 32 13 33 28 34 31 35 26 36 33 37 36 38 11 39 0 40 7 41 18 42 2 43 1 44 42 45 5 46 15 47 10 48 33 49 30 50 10 51 12 52 50 53 17 54 20 55 32 56 29 57 7 58 35 59 2 60 41 61 49 62 25 63 43 64 15 65 52 66 15 67 57 68 63 69 8 70 53 71 39 72 42 73 35 74 39 75 24 76 49 77 22 78 71 79 13 80 71 81 46 82
41 40 0 1 0 2 1 3 1 4 0 5 4 6 1 7 6 8 0 9 1 10 8 11 4 12 8 13 5 14 3 15 0 16 14 17 13 18 8 19 9 20 4 21 12 22 16 23 8 24 14 25 5 26 0 27 19 28 26 29 2 30 24 31 14 32 4 33 28 34 21 35 6 36 5 37 12 38 12 39 32 40
