100
7 6 0 1 0 2 1 3 0 4 3 5 2 6
81 80 0 1 0 2 1 3 1 4 2 5 2 6 1 7 6 8 7 9 1 10 6 11 3 12 11 13 0 14 11 15 11 16 11 17 5 18 4 19 15 20 18 21 17 22 2 23 22 24 11 25 13 26 23 27 12 28 1 29 12 30 4 31 6 32 5 33 27 34 29 35 30 36 5 37 27 38 13 39 9 40 30 41 0 42 11 43 20 44 38 45 2 46 38 47 26 48 4 49 28 50 14 51 0 52 36 53 17 54 9 55 25 56 54 57 46 58 6 59 12 60 56 61 39 62 43 63 37 64 53 65 53 66 2 67 15 68 23 69 26 70 2 71 49 72 16 73 24 74 65 75 21 76 6 77 67 78 54 79 6 80
24 23 0 1 0 2 1 3 1 4 3 5 0 6 5 7 2 8 7 9 1 10 1 11 1 12 8 13 9 14 6 15 9 16 6 17 6 18 8 19 9 20 2 21 13 22 10 23
70 69 0 1 0 2 0 3 1 4 1 5 2 6 2 7 5 8 1 9 6 10 0 11 9 12 6 13 1 14 6 15 14 16 0 17 15 18 17 19 17 20 17 21 9 22 13 23 16 24 1 25 5 26 7 27 18 28 18 29 17 30 18 31 11 32 9 33 32 34 21 35 12 36 20 37 7 38 29 39 9 40 28 41 24 42 15 43 10 44 32 45 1 46 16 47 23 48 19 49 25 50 49 51 33 52 15 53 50 54 4 55 22 56 27 57 6 58 57 59 33 60 48 61 13 62 19 63 40 64 15 65 6 66 10 67 45 68 18 69
10 9 0 1 0 2 1 3 2 4 2 5 1 6 2 7 6 8 7 9
4 3 0 1 0 2 1 3
7 6 0 1 0 2 1 3 2 4 1 5 1 6
4 3 0 1 0 2 1 3
81 80 0 1 0 2 0 3 1 4 1 5 0 6 5 7 1 8 5 9 5 10 6 11 3 12 5 13 10 14 3 15 6 16 11 17 1 18 3 19 7 20 14 21 16 22 20 23 20 24 17 25 9 26 0 27 9 28 5 29 24 30 16 31 12 32 4 33 14 34 14 35 31 36 7 37 36 38 37 39 27 40 34 41 3 42 27 43 10 44 24 45 3 46 21 47 45 48 5 49 2 50 43 51 17 52 40 53 8 54 47 55 15 56 7 57 28 58 15 59 36 60 35 61 56 62 57 63 35 64 47 65 25 66 54 67 64 68 25 69 2 70 24 71 9 72 24 73 27 74 67 75 68 76 20 77 66 78 72 79 0 80
24 23 0 1 0 2 1 3 0 4 2 5 1 6 0 7 5 8 3 9 8 10 7 11 4 12 6 13 8 14 8 15 9 16 7 17 3 18 3 19 3 20 18 21 14 22 4 23
51 50 0 1 0 2 1 3 0 4 1 5 3 6 1 7 4 8 5 9 1 10 1 11 0 12 11 13 9 14 9 15 9 16 10 17 0 18 1 19 1 20 19 21 3 22 9 23 22 24 11 25 19 26 2 27 10 28 15 29 25 30 19 31 12 32 8 33 31 34 20 35 3 36 22 37 29 38 28 39 37 40 33 41 33 42 2 43 25 44 20 45 0 46 4 47 7 48 43 49 28 50
98 97 0 1 0 2 1 3 0 4 3 5 2 6 0 7 0 8 5 9 2 10 4 11 10 12 11 13 6 14 2 15 2 16 8 17 6 18 8 19 4 20 2 21 15 22 20 23 5 24 19 25 23 26 10 27 3 28 10 29 2 30 7 31 19 32 26 33 30 34 28 35 15 36 30 37 26 38 30 39 10 40 34 41 29 42 27 43 23 44 26 45 22 46 20 47 15 48 10 49 28 50 44 51 16 52 42 53 12 54 42 55 11 56 52 57 19 58 13 59 15 60 5 61 18 62 2 63 24 64 22 65 57 66 11 67 18 68 15 69 14 70 23 71 39 72 43 73 63 74 23 75 67 76 12 77 21 78 20 79 17 80 33 81 28 82 38 83 77 84 14 85 68 86 2 87 27 88 71 89 77 90 53 91 46 92 33 93 84 94 79 95 67 96 51 97
63 62 0 1 0 2 0 3 0 4 1 5 3 6 2 7 5 8 3 9 2 10 8 11 7 12 9 13 8 14 12 15 9 16 7 17 10 18 6 19 11 20 1 21 0 22 12 23 17 24 7 25 15 26 3 27 9 28 3 29 7 30 6 31 20 32 14 33 0 34 12 35 26 36 6 37 12 38 28 39 13 40 32 41 25 42 19 43 40 44 42 45 41 46 26 47 18 48 46 49 8 50 9 51 50 52 36 53 18 54 22 55 54 56 13 57 30 58 9 59 35 60 41 61 11 62
98 97 0 1 0 2 0 3 1 4 1 5 2 6 2 7 3 8 0 9 6 10 3 11 4 12 6 13 1 14 10 15 1 16 11 17 0 18 12 19 18 20 4 21 17 22 19 23 11 24 13 25 16 26 2 27 9 28 14 29 0 30 24 31 18 32 24 33 32 34 31 35 12 36 6 37 8 38 16 39 17 40 14 41 5 42 36 43 37 44 19 45 31 46 24 47 44 48 26 49 11 50 17 51 34 52 23 53 35 54 29 55 20 56 43 57 10 58 56 59 3 60 44 61 34 62 29 63 35 64 8 65 8 66 0 67 33 68 52 69 63 70 63 71 39 72 16 73 17 74 10 75 39 76 35 77 19 78 56 79 48 80 30 81 17 82 13 83 29 84 72 85 3 86 11 87 48 88 68 89 53 90 74 91 79 92 57 93 35 94 49 95 93 96 91 97
3 2 0 1 0 2
9 8 0 1 0 2 1 3 2 4 3 5 2 6 2 7 6 8
86 85 0 1 0 2 0 3 2 4 1 5 3 6 1 7 6 8 5 9 1 10 5 11 2 12 9 13 7 14 8 15 1 16 12 17 11 18 15 19 18 20 13 21 9 22 20 23 2 24 11 25 19 26 13 27 8 28 11 29 24 30 9 31 15 32 20 33 20 34 19 35 20 36 10 37 0 38 12 39 19 40 6 41 5 42 40 43 15 44 6 45 8 46 25 47 0 48 2 49 28 50 14 51 46 52 44 53 3 54 23 55 39 56 15 57 16 58 2 59 49 60 29 61 49 62 60 63 58 64 46 65 43 66 37 67 38 68 49 69 16 70 36 71 60 72 65 73 27 74 10 75 1 76 21 77 55 78 64 79 46 80 7 81 16 82 49 83 67 84 82 85
92 91 0 1 0 2 0 3 0 4 3 5 2 6 1 7 3 8 7 9 5 10 7 11 1 12 2 13 8 14 0 15 7 16 4 17 11 18 8 19 7 20 1 21 19 22 18 23 13 24 23 25 24 26 15 27 18 28 18 29 21 30 6 31 5 32 0 33 14 34 2 35 33 36 24 37 11 38 22 39 17 40 36 41 8 42 26 43 35 44 31 45 5 46 44 47 26 48 0 49 35 50 22 51 3 52 26 53 46 54 13 55 38 56 10 57 0 58 31 59 43 60 22 61 31 62 2 63 34 64 22 65 62 66 6 67 25 68 2 69 42 70 25 71 69 72 70 73 57 74 46 75 17 76 69 77 57 78 30 79 73 80 54 81 51 82 3 83 56 84 1 85 0 86 25 87 52 88 73 89 30 90 81 91
12 11 0 1 0 2 1 3 2 4 0 5 3 6 4 7 6 8 0 9 5 10 0 11
20 19 0 1 0 2 0 3 1 4 3 5 1 6 3 7 5 8 6 9 0 10 2 11 2 12 5 13 9 14 2 15 14 16 1 17 14 18 7 19
16 15 0 1 0 2 0 3 0 4 0 5 1 6 4 7 2 8 5 9 3 10 9 11 0 12 3 13 4 14 5 15
64 63 0 1 0 2 0 3 1 4 2 5 4 6 1 7 0 8 3 9 7 10 5 11 4 12 2 13 2 14 8 15 9 16 14 17 13 18 9 19 7 20 15 21 16 22 21 23 20 24 8 25 0 26 17 27 16 28 20 29 21 30 27 31 0 32 4 33 19 34 0 35 0 36 21 37 6 38 18 39 11 40 8 41 8 42 10 43 41 44 15 45 44 46 13 47 45 48 33 49 19 50 25 51 32 52 49 53 3 54 11 55 33 56 25 57 49 58 20 59 36 60 58 61 49 62 47 63
7 6 0 1 0 2 0 3 1 4 3 5 2 6
6 5 0 1 0 2 0 3 1 4 0 5
68 67 0 1 0 2 0 3 0 4 3 5 0 6 5 7 1 8 2 9 4 10 2 11 8 12 0 13 7 14 5 15 10 16 4 17 9 18 5 19 10 20 6 21 8 22 1 23 0 24 10 25 9 26 6 27 5 28 4 29 22 30 6 31 21 32 23 33 12 34 23 35 31 36 19 37 15 38 22 39 19 40 8 41 15 42 4 43 31 44 31 45 28 46 35 47 27 48 42 49 11 50 28 51 39 52 36 53 22 54 50 55 50 56 37 57 27 58 24 59 48 60 57 61 34 62 16 63 26 64 13 65 6 66 8 67
43 42 0 1 0 2 0 3 1 4 2 5 0 6 5 7 4 8 6 9 5 10 6 11 0 12 6 13 10 14 6 15 7 16 3 17 1 18 11 19 8 20 15 21 14 22 8 23 14 24 22 25 2 26 25 27 17 28 17 29 13 30 10 31 22 32 9 33 11 34 17 35 1 36 9 37 20 38 32 39 34 40 25 41 7 42
40 39 0 1 0 2 0 3 0 4 2 5 0 6 2 7 3 8 5 9 7 10 3 11 3 12 1 13 12 14 7 15 6 16 6 17 10 18 6 19 16 20 3 21 4 22 18 23 11 24 0 25 13 26 18 27 12 28 6 29 9 30 2 31 20 32 19 33 30 34 29 35 33 36 20 37 9 38 5 39
79 78 0 1 0 2 1 3 1 4 0 5 0 6 5 7 3 8 7 9 2 10 1 11 7 12 9 13 4 14 10 15 11 16 7 17 14 18 6 19 3 20 5 21 20 22 14 23 12 24 12 25 24 26 12 27 13 28 6 29 7 30 8 31 30 32 5 33 25 34 21 35 20 36 26 37 23 38 7 39 10 40 15 41 34 42 4 43 6 44 23 45 44 46 30 47 19 48 43 49 4 50 0 51 15 52 43 53 17 54 36 55 47 56 37 57 9 58 30 59 16 60 0 61 54 62 29 63 26 64 31 65 6 66 34 67 5 68 13 69 22 70 9 71 30 72 25 73 35 74 13 75 68 76 19 77 35 78
20 19 0 1 0 2 0 3 2 4 1 5 3 6 4 7 1 8 6 9 4 10 7 11 7 12 8 13 12 14 2 15 8 16 4 17 11 18 17 19
61 60 0 1 0 2 1 3 1 4 0 5 1 6 3 7 1 8 3 9 2 10 7 11 3 12 7 13 10 14 8 15 10 16 10 17 13 18 1 19 9 20 10 21 7 22 6 23 10 24 5 25 13 26 17 27 22 28 15 29 9 30 2 31 25 32 16 33 18 34 16 35 21 36 15 37 11 38 35 39 6 40 27 41 31 42 32 43 0 44 37 45 9 46 27 47 44 48 30 49 46 50 22 51 38 52 32 53 45 54 25 55 13 56 18 57 16 58 20 59 14 60
62 61 0 1 0 2 0 3 1 4 3 5 1 6 3 7 2 8 1 9 6 10 9 11 7 12 2 13 5 14 9 15 10 16 10 17 11 18 16 19 10 20 10 21 8 22 11 23 1 24 11 25 12 26 9 27 6 28 26 29 10 30 5 31 24 32 30 33 0 34 20 35 18 36 34 37 12 38 25 39 12 40 20 41 9 42 8 43 35 44 39 45 20 46 44 47 46 48 40 49 26 50 49 51 8 52 2 53 8 54 36 55 54 56 29 57 36 58 52 59 26 60 43 61
26 25 0 1 0 2 1 3 1 4 0 5 1 6 5 7 6 8 5 9 7 10 5 11 9 12 11 13 4 14 0 15 13 16 8 17 10 18 0 19 14 20 19 21 7 22 2 23 11 24 12 25
46 45 0 1 0 2 0 3 2 4 3 5 2 6 3 7 5 8 1 9 2 10 8 11 1 12 4 13 6 14 9 15 8 16 9 17 12 18 13 19 12 20 16 21 12 22 16 23 15 24 8 25 7 26 16 27 25 28 5 29 6 30 17 31 17 32 31 33 11 34 10 35 2 36 9 37 13 38 3 39 1 40 21 41 11 42 7 43 17 44 40 45
1 0
51 50 0 1 0 2 0 3 1 4 1 5 4 6 0 7 3 8 0 9 0 10 5 11 8 12 1 13 12 14 11 15 4 16 10 17 8 18 15 19 11 20 8 21 20 22 1 23 19 24 10 25 12 26 13 27 26 28 1 29 14 30 14 31 0 32 24 33 26 34 16 35 32 36 12 37 4 38 11 39 34 40 10 41 6 42 20 43 20 44 21 45 36 46 10 47 3 48 7 49 0 50
12 11 0 1 0 2 0 3 2 4 1 5 1 6 0 7 2 8 7 9 7 10 7 11
2 1 0 1
82 81 0 1 0 2 0 3 0 4 0 5 2 6 1 7 0 8 0 9 3 10 1 11 0 12 5 13 1 14 10 15 0 16 0 17 4 18 12 19 15 20 9 21 6 22 21 23 16 24 14 25 12 26 22 27 20 28 8 29 10 30 9 31 30 32 21 33 5 34 19 35 12 36 8 37 14 38 5 39 16 40 4 41 3 42 19 43 2 44 3 45 44 46 0 47 10 48 12 49 36 50 15 51 1 52 22 53 9 54 1 55 31 56 27 57 8 58 37 59 14 60 25 61 54 62 41 63 3 64 52 65 57 66 56 67 62 68 62 69 63 70 33 71 17 72 15 73 33 74 27 75 74 76 39 77 14 78 21 79 53 80 53 81
92 91 0 1 0 2 1 3 1 4 3 5 2 6 1 7 6 8 0 9 2 10 8 11 9 12 6 13 1 14 8 15 13 16 7 17 14 18 5 19 8 20 9 21 14 22 4 23 6 24 23 25 5 26 17 27 10 28 20 29 4 30 0 31 8 32 5 33 1 34 27 35 28 36 0 37 12 38 29 39 16 40 18 41 12 42 39 43 4 44 20 45 35 46 28 47 18 48 47 49 31 50 30 51 14 52 23 53 1 54 52 55 43 56 6 57 32 58 23 59 58 60 39 61 55 62 16 63 26 64 19 65 42 66 24 67 25 68 24 69 43 70 45 71 33 72 61 73 33 74 72 75 25 76 11 77 36 78 53 79 23 80 30 81 3 82 51 83 58 84 28 85 66 86 16 87 37 88 86 89 19 90 30 91
30 29 0 1 0 2 1 3 2 4 2 5 3 6 0 7 1 8 5 9 5 10 0 11 4 12 1 13 3 14 11 15 9 16 5 17 5 18 3 19 4 20 12 21 16 22 19 23 8 24 20 25 12 26 0 27 22 28 0 29
89 88 0 1 0 2 0 3 1 4 0 5 3 6 4 7 4 8 6 9 4 10 2 11 6 12 6 13 8 14 7 15 3 16 11 17 6 18 7 19 17 20 1 21 4 22 9 23 16 24 13 25 21 26 16 27 2 28 8 29 27 30 4 31 9 32 18 33 14 34 19 35 25 36 35 37 32 38 10 39 7 40 38 41 17 42 23 43 35 44 9 45 25 46 34 47 8 48 30 49 39 50 6 51 41 52 31 53 43 54 34 55 10 56 10 57 21 58 55 59 25 60 46 61 36 62 7 63 47 64 60 65 52 66 39 67 49 68 66 69 45 70 0 71 10 72 2 73 54 74 45 75 44 76 25 77 48 78 41 79 18 80 21 81 73 82 32 83 46 84 79 85 59 86 8 87 50 88
99 98 0 1 0 2 0 3 2 4 0 5 0 6 1 7 2 8 3 9 6 10 7 11 5 12 3 13 5 14 12 15 8 16 9 17 4 18 15 19 1 20 12 21 6 22 12 23 21 24 5 25 15 26 20 27 6 28 4 29 24 30 7 31 8 32 28 33 31 34 32 35 2 36 19 37 32 38 6 39 15 40 35 41 25 42 25 43 7 44 42 45 17 46 9 47 0 48 13 49 37 50 26 51 11 52 17 53 26 54 3 55 17 56 12 57 5 58 52 59 56 60 2 61 19 62 35 63 1 64 47 65 33 66 23 67 52 68 22 69 40 70 33 71 47 72 26 73 8 74 27 75 45 76 18 77 14 78 72 79 15 80 34 81 69 82 57 83 56 84 28 85 41 86 46 87 56 88 61 89 60 90 40 91 25 92 83 93 14 94 35 95 93 96 74 97 96 98
74 73 0 1 0 2 0 3 2 4 2 5 3 6 4 7 2 8 6 9 0 10 6 11 10 12 9 13 7 14 8 15 8 16 8 17 2 18 9 19 15 20 19 21 12 22 16 23 10 24 23 25 11 26 21 27 11 28 19 29 21 30 10 31 25 32 22 33 14 34 13 35 2 36 8 37 9 38 14 39 38 40 9 41 19 42 27 43 21 44 0 45 34 46 5 47 40 48 19 49 22 50 3 51 21 52 47 53 3 54 20 55 7 56 23 57 9 58 48 59 26 60 57 61 7 62 18 63 35 64 51 65 7 66 51 67 55 68 59 69 41 70 46 71 22 72 67 73
32 31 0 1 0 2 1 3 1 4 3 5 2 6 3 7 6 8 2 9 2 10 3 11 5 12 10 13 12 14 10 15 2 16 1 17 0 18 10 19 16 20 11 21 7 22 1 23 3 24 19 25 12 26 4 27 10 28 15 29 13 30 29 31
42 41 0 1 0 2 1 3 1 4 1 5 3 6 0 7 4 8 7 9 0 10 6 11 2 12 2 13 9 14 7 15 6 16 8 17 2 18 2 19 2 20 8 21 12 22 20 23 18 24 17 25 13 26 1 27 25 28 8 29 15 30 23 31 14 32 15 33 26 34 19 35 14 36 20 37 13 38 4 39 32 40 11 41
72 71 0 1 0 2 0 3 2 4 2 5 0 6 4 7 4 8 3 9 1 10 3 11 5 12 1 13 9 14 8 15 6 16 10 17 9 18 4 19 10 20 10 21 2 22 1 23 16 24 17 25 20 26 7 27 15 28 1 29 13 30 11 31 2 32 6 33 27 34 5 35 33 36 17 37 18 38 16 39 15 40 23 41 38 42 12 43 40 44 14 45 28 46 12 47 25 48 31 49 7 50 18 51 0 52 42 53 7 54 52 55 44 56 25 57 23 58 22 59 21 60 9 61 24 62 47 63 48 64 4 65 48 66 61 67 13 68 47 69 21 70 32 71
81 80 0 1 0 2 1 3 2 4 1 5 4 6 1 7 6 8 4 9 8 10 6 11 2 12 5 13 0 14 7 15 11 16 13 17 9 18 17 19 17 20 13 21 0 22 0 23 16 24 1 25 14 26 0 27 0 28 10 29 11 30 17 31 24 32 30 33 23 34 19 35 31 36 30 37 23 38 25 39 29 40 29 41 37 42 7 43 9 44 34 45 39 46 17 47 12 48 8 49 0 50 36 51 37 52 33 53 14 54 5 55 15 56 19 57 13 58 53 59 46 60 30 61 60 62 17 63 2 64 18 65 37 66 36 67 48 68 54 69 54 70 14 71 12 72 8 73 63 74 60 75 73 76 64 77 9 78 7 79 78 80
89 88 0 1 0 2 1 3 0 4 0 5 1 6 4 7 3 8 5 9 3 10 7 11 7 12 2 13 10 14 13 15 4 16 5 17 9 18 8 19 11 20 15 21 12 22 14 23 13 24 5 25 24 26 12 27 5 28 2 29 23 30 9 31 15 32 20 33 12 34 33 35 34 36 4 37 33 38 19 39 13 40 8 41 27 42 39 43 28 44 10 45 32 46 36 47 37 48 2 49 30 50 45 51 22 52 46 53 31 54 21 55 27 56 44 57 44 58 31 59 48 60 27 61 11 62 60 63 58 64 14 65 55 66 28 67 54 68 12 69 11 70 27 71 10 72 0 73 52 74 18 75 44 76 10 77 11 78 76 79 58 80 40 81 36 82 64 83 65 84 61 85 26 86 71 87 26 88
4 3 0 1 0 2 0 3
96 95 0 1 0 2 0 3 1 4 2 5 1 6 4 7 5 8 0 9 5 10 8 11 9 12 7 13 1 14 0 15 8 16 15 17 12 18 12 19 2 20 0 21 16 22 1 23 19 24 23 25 17 26 16 27 7 28 19 29 28 30 12 31 14 32 2 33 30 34 24 35 33 36 20 37 1 38 7 39 37 40 32 41 40 42 34 43 0 44 41 45 2 46 35 47 7 48 31 49 40 50 47 51 25 52 31 53 19 54 14 55 45 56 43 57 10 58 27 59 26 60 12 61 9 62 38 63 16 64 1 65 27 66 19 67 17 68 15 69 55 70 27 71 42 72 10 73 67 74 40 75 54 76 28 77 49 78 19 79 59 80 71 81 74 82 47 83 56 84 10 85 20 86 28 87 34 88 9 89 24 90 64 91 77 92 91 93 27 94 5 95
58 57 0 1 0 2 0 3 1 4 2 5 3 6 1 7 3 8 2 9 1 10 9 11 5 12 1 13 9 14 13 15 3 16 14 17 12 18 0 19 3 20 10 21 14 22 4 23 22 24 20 25 12 26 22 27 9 28 0 29 2 30 19 31 11 32 11 33 16 34 18 35 8 36 31 37 14 38 32 39 6 40 8 41 22 42 26 43 39 44 3 45 42 46 19 47 0 48 21 49 28 50 17 51 50 52 34 53 20 54 34 55 18 56 13 57
80 79 0 1 0 2 1 3 2 4 1 5 1 6 0 7 2 8 3 9 8 10 7 11 1 12 5 13 4 14 3 15 14 16 7 17 11 18 15 19 4 20 17 21 18 22 19 23 12 24 21 25 20 26 4 27 13 28 22 29 17 30 15 31 23 32 31 33 17 34 1 35 33 36 21 37 4 38 5 39 2 40 11 41 6 42 2 43 28 44 8 45 21 46 13 47 29 48 27 49 35 50 16 51 1 52 39 53 34 54 32 55 12 56 35 57 44 58 46 59 45 60 36 61 23 62 15 63 58 64 12 65 19 66 61 67 5 68 36 69 2 70 55 71 30 72 33 73 7 74 21 75 73 76 11 77 69 78 22 79
95 94 0 1 0 2 0 3 0 4 1 5 2 6 2 7 2 8 2 9 0 10 9 11 2 12 10 13 5 14 10 15 8 16 14 17 7 18 5 19 7 20 17 21 13 22 17 23 9 24 10 25 0 26 10 27 14 28 8 29 7 30 9 31 25 32 22 33 20 34 16 35 31 36 8 37 2 38 22 39 5 40 19 41 4 42 11 43 36 44 37 45 4 46 35 47 29 48 26 49 4 50 15 51 24 52 23 53 50 54 48 55 22 56 1 57 46 58 21 59 32 60 34 61 46 62 54 63 6 64 4 65 53 66 38 67 45 68 37 69 49 70 67 71 36 72 10 73 60 74 69 75 38 76 30 77 39 78 13 79 54 80 61 81 7 82 69 83 33 84 64 85 42 86 64 87 58 88 15 89 7 90 65 91 62 92 45 93 66 94
42 41 0 1 0 2 0 3 2 4 3 5 1 6 4 7 0 8 6 9 1 10 2 11 7 12 4 13 8 14 10 15 5 16 10 17 1 18 10 19 16 20 7 21 19 22 0 23 14 24 2 25 11 26 4 27 13 28 27 29 22 30 14 31 4 32 29 33 26 34 0 35 21 36 0 37 12 38 36 39 6 40 19 41
32 31 0 1 0 2 0 3 1 4 0 5 3 6 0 7 3 8 1 9 4 10 5 11 9 12 3 13 11 14 3 15 7 16 12 17 4 18 16 19 5 20 9 21 0 22 18 23 3 24 5 25 13 26 9 27 4 28 26 29 12 30 12 31
57 56 0 1 0 2 1 3 1 4 0 5 3 6 4 7 3 8 4 9 7 10 1 11 6 12 10 13 2 14 4 15 11 16 6 17 10 18 14 19 5 20 9 21 1 22 19 23 11 24 1 25 12 26 17 27 25 28 22 29 19 30 29 31 9 32 8 33 23 34 29 35 1 36 21 37 34 38 37 39 12 40 30 41 17 42 24 43 37 44 29 45 18 46 5 47 41 48 26 49 35 50 23 51 44 52 21 53 52 54 2 55 25 56
2 1 0 1
51 50 0 1 0 2 0 3 0 4 0 5 1 6 5 7 6 8 7 9 0 10 8 11 6 12 7 13 4 14 9 15 5 16 5 17 8 18 10 19 4 20 8 21 14 22 6 23 3 24 17 25 24 26 19 27 24 28 24 29 11 30 17 31 19 32 20 33 4 34 18 35 10 36 31 37 7 38 22 39 10 40 28 41 12 42 17 43 16 44 36 45 9 46 42 47 33 48 10 49 24 50
16 15 0 1 0 2 1 3 1 4 2 5 4 6 4 7 5 8 7 9 1 10 0 11 4 12 4 13 1 14 5 15
4 3 0 1 0 2 0 3
30 29 0 1 0 2 0 3 2 4 1 5 2 6 2 7 1 8 4 9 1 10 5 11 3 12 8 13 10 14 2 15 14 16 7 17 7 18 15 19 7 20 14 21 20 22 5 23 14 24 11 25 12 26 0 27 6 28 0 29
62 61 0 1 0 2 1 3 1 4 1 5 3 6 1 7 0 8 1 9 8 10 1 11 7 12 3 13 9 14 11 15 7 16 14 17 4 18 16 19 4 20 18 21 16 22 10 23 20 24 6 25 14 26 24 27 10 28 26 29 3 30 2 31 18 32 25 33 16 34 14 35 32 36 0 37 0 38 29 39 12 40 18 41 34 42 9 43 41 44 40 45 37 46 39 47 43 48 34 49 45 50 28 51 14 52 28 53 27 54 17 55 42 56 30 57 2 58 11 59 51 60 38 61
87 86 0 1 0 2 0 3 2 4 1 5 3 6 1 7 0 8 4 9 7 10 4 11 8 12 3 13 2 14 8 15 9 16 9 17 4 18 15 19 18 20 13 21 6 22 2 23 1 24 23 25 23 26 13 27 17 28 18 29 8 30 18 31 24 32 14 33 9 34 18 35 9 36 11 37 0 38 36 39 21 40 22 41 38 42 17 43 28 44 12 45 32 46 36 47 19 48 14 49 8 50 1 51 26 52 17 53 4 54 4 55 16 56 12 57 53 58 42 59 49 60 17 61 12 62 5 63 19 64 38 65 58 66 9 67 45 68 65 69 6 70 16 71 55 72 60 73 40 74 70 75 58 76 22 77 8 78 35 79 32 80 41 81 39 82 27 83 20 84 27 85 80 86
72 71 0 1 0 2 0 3 2 4 1 5 3 6 3 7 5 8 3 9 4 10 1 11 8 12 1 13 8 14 0 15 12 16 1 17 5 18 14 19 2 20 11 21 16 22 12 23 11 24 18 25 16 26 22 27 9 28 11 29 26 30 12 31 25 32 14 33 1 34 15 35 27 36 1 37 10 38 22 39 15 40 13 41 29 42 7 43 3 44 9 45 12 46 11 47 4 48 0 49 15 50 33 51 23 52 4 53 28 54 23 55 36 56 46 57 2 58 3 59 40 60 53 61 56 62 11 63 57 64 58 65 59 66 46 67 19 68 34 69 42 70 68 71
41 40 0 1 0 2 1 3 2 4 0 5 3 6 0 7 3 8 0 9 3 10 0 11 3 12 5 13 11 14 4 15 7 16 8 17 0 18 17 19 10 20 12 21 5 22 6 23 10 24 12 25 20 26 5 27 2 28 18 29 5 30 13 31 11 32 27 33 17 34 19 35 32 36 26 37 12 38 10 39 27 40
72 71 0 1 0 2 1 3 2 4 3 5 0 6 3 7 0 8 4 9 3 10 7 11 2 12 5 13 8 14 8 15 13 16 13 17 2 18 9 19 16 20 9 21 16 22 9 23 6 24 17 25 13 26 23 27 0 28 15 29 23 30 22 31 9 32 3 33 28 34 23 35 19 36 26 37 5 38 3 39 5 40 5 41 27 42 33 43 33 44 21 45 31 46 41 47 4 48 24 49 36 50 15 51 46 52 44 53 14 54 30 55 1 56 9 57 5 58 41 59 36 60 59 61 27 62 30 63 41 64 14 65 62 66 8 67 55 68 0 69 29 70 53 71
83 82 0 1 0 2 1 3 0 4 0 5 2 6 2 7 2 8 2 9 6 10 0 11 6 12 4 13 8 14 1 15 8 16 3 17 9 18 5 19 18 20 17 21 17 22 7 23 16 24 2 25 11 26 13 27 4 28 11 29 2 30 18 31 9 32 2 33 7 34 25 35 6 36 10 37 14 38 6 39 31 40 7 41 34 42 14 43 16 44 14 45 5 46 5 47 16 48 18 49 32 50 39 51 26 52 13 53 52 54 10 55 24 56 22 57 18 58 55 59 38 60 9 61 29 62 24 63 29 64 54 65 5 66 53 67 29 68 19 69 32 70 37 71 37 72 14 73 55 74 13 75 24 76 2 77 27 78 51 79 19 80 40 81 13 82
11 10 0 1 0 2 1 3 2 4 3 5 4 6 2 7 5 8 1 9 5 10
96 95 0 1 0 2 0 3 1 4 1 5 0 6 1 7 2 8 2 9 5 10 6 11 2 12 2 13 2 14 4 15 5 16 10 17 16 18 16 19 13 20 15 21 9 22 15 23 12 24 20 25 19 26 3 27 20 28 26 29 24 30 5 31 1 32 24 33 6 34 21 35 13 36 1 37 27 38 1 39 23 40 23 41 14 42 25 43 13 44 24 45 6 46 37 47 6 48 19 49 46 50 5 51 8 52 42 53 5 54 53 55 44 56 15 57 56 58 14 59 42 60 4 61 12 62 7 63 51 64 23 65 19 66 61 67 2 68 20 69 34 70 35 71 53 72 21 73 1 74 66 75 14 76 67 77 6 78 50 79 38 80 21 81 49 82 59 83 70 84 28 85 9 86 78 87 2 88 57 89 55 90 25 91 2 92 32 93 48 94 12 95
57 56 0 1 0 2 0 3 1 4 0 5 4 6 2 7 6 8 5 9 8 10 4 11 9 12 7 13 12 14 6 15 8 16 7 17 8 18 9 19 6 20 17 21 11 22 0 23 4 24 17 25 0 26 12 27 21 28 8 29 14 30 25 31 21 32 23 33 12 34 18 35 8 36 35 37 0 38 31 39 10 40 0 41 36 42 5 43 12 44 16 45 30 46 25 47 17 48 18 49 1 50 35 51 22 52 15 53 40 54 45 55 5 56
81 80 0 1 0 2 1 3 2 4 3 5 3 6 4 7 3 8 0 9 4 10 3 11 10 12 9 13 0 14 4 15 0 16 7 17 15 18 15 19 14 20 14 21 7 22 6 23 17 24 4 25 17 26 4 27 22 28 0 29 24 30 26 31 15 32 30 33 31 34 29 35 29 36 12 37 24 38 7 39 2 40 31 41 8 42 17 43 15 44 12 45 10 46 44 47 46 48 3 49 29 50 46 51 22 52 29 53 7 54 17 55 33 56 48 57 47 58 21 59 20 60 38 61 16 62 57 63 35 64 45 65 19 66 0 67 30 68 38 69 18 70 31 71 58 72 23 73 20 74 23 75 7 76 7 77 32 78 58 79 24 80
58 57 0 1 0 2 0 3 0 4 3 5 1 6 5 7 6 8 4 9 2 10 0 11 2 12 4 13 10 14 4 15 12 16 7 17 2 18 5 19 1 20 10 21 5 22 14 23 1 24 0 25 6 26 9 27 15 28 9 29 25 30 14 31 5 32 26 33 3 34 21 35 15 36 30 37 20 38 28 39 1 40 28 41 26 42 3 43 0 44 5 45 39 46 0 47 18 48 4 49 7 50 16 51 8 52 0 53 41 54 34 55 7 56 16 57
56 55 0 1 0 2 1 3 0 4 0 5 1 6 1 7 5 8 6 9 4 10 2 11 2 12 11 13 4 14 3 15 7 16 12 17 15 18 14 19 8 20 8 21 0 22 15 23 15 24 10 25 8 26 25 27 20 28 3 29 23 30 23 31 11 32 21 33 23 34 27 35 24 36 9 37 36 38 0 39 1 40 4 41 15 42 30 43 36 44 27 45 34 46 42 47 3 48 38 49 15 50 0 51 0 52 1 53 43 54 1 55
26 25 0 1 0 2 1 3 1 4 0 5 1 6 2 7 4 8 6 9 4 10 7 11 3 12 1 13 4 14 11 15 14 16 14 17 1 18 17 19 4 20 16 21 1 22 13 23 1 24 21 25
31 30 0 1 0 2 0 3 1 4 1 5 4 6 0 7 1 8 4 9 0 10 3 11 9 12 3 13 10 14 9 15 6 16 11 17 6 18 11 19 8 20 7 21 14 22 13 23 18 24 22 25 6 26 0 27 20 28 12 29 25 30
51 50 0 1 0 2 1 3 0 4 1 5 3 6 5 7 1 8 4 9 0 10 6 11 9 12 6 13 3 14 9 15 8 16 15 17 15 18 1 19 16 20 4 21 4 22 11 23 14 24 0 25 8 26 8 27 12 28 19 29 17 30 17 31 30 32 27 33 18 34 12 35 31 36 9 37 12 38 21 39 6 40 6 41 14 42 32 43 9 44 11 45 32 46 39 47 22 48 19 49 40 50
79 78 0 1 0 2 1 3 2 4 1 5 4 6 1 7 4 8 4 9 3 10 0 11 4 12 9 13 5 14 8 15 5 16 11 17 14 18 13 19 12 20 19 21 20 22 17 23 14 24 8 25 4 26 15 27 14 28 5 29 27 30 27 31 8 32 26 33 13 34 20 35 6 36 12 37 0 38 3 39 22 40 12 41 3 42 28 43 22 44 6 45 31 46 3 47 34 48 17 49 39 50 43 51 45 52 16 53 34 54 51 55 30 56 44 57 43 58 17 59 40 60 29 61 21 62 19 63 30 64 52 65 15 66 62 67 52 68 59 69 17 70 3 71 50 72 56 73 53 74 52 75 58 76 55 77 32 78
16 15 0 1 0 2 0 3 0 4 2 5 0 6 0 7 3 8 4 9 4 10 9 11 7 12 10 13 7 14 3 15
16 15 0 1 0 2 0 3 1 4 2 5 3 6 3 7 1 8 0 9 0 10 5 11 2 12 0 13 10 14 9 15
51 50 0 1 0 2 0 3 0 4 2 5 0 6 5 7 2 8 3 9 0 10 6 11 4 12 10 13 8 14 5 15 13 16 3 17 11 18 0 19 15 20 10 21 0 22 19 23 8 24 0 25 15 26 0 27 1 28 13 29 20 30 5 31 7 32 24 33 29 34 11 35 14 36 0 37 18 38 7 39 1 40 24 41 24 42 28 43 40 44 35 45 1 46 9 47 40 48 27 49 21 50
25 24 0 1 0 2 1 3 0 4 0 5 1 6 2 7 5 8 7 9 3 10 9 11 5 12 2 13 0 14 4 15 1 16 1 17 13 18 13 19 18 20 2 21 16 22 16 23 5 24
97 96 0 1 0 2 1 3 0 4 2 5 4 6 4 7 0 8 7 9 6 10 6 11 8 12 1 13 10 14 7 15 10 16 1 17 8 18 8 19 11 20 11 21 0 22 20 23 2 24 5 25 18 26 0 27 6 28 11 29 4 30 19 31 28 32 7 33 6 34 17 35 15 36 27 37 7 38 2 39 17 40 21 41 12 42 30 43 6 44 10 45 9 46 16 47 6 48 45 49 25 50 49 51 22 52 30 53 19 54 15 55 49 56 43 57 5 58 32 59 52 60 45 61 31 62 34 63 15 64 27 65 35 66 7 67 54 68 2 69 46 70 45 71 55 72 22 73 18 74 33 75 74 76 23 77 39 78 54 79 52 80 76 81 78 82 7 83 78 84 71 85 30 86 50 87 50 88 5 89 79 90 27 91 5 92 74 93 89 94 66 95 8 96
76 75 0 1 0 2 1 3 2 4 0 5 3 6 2 7 2 8 5 9 0 10 0 11 3 12 1 13 8 14 6 15 5 16 13 17 2 18 9 19 14 20 19 21 5 22 9 23 14 24 11 25 8 26 15 27 0 28 15 29 27 30 24 31 12 32 9 33 24 34 15 35 30 36 3 37 19 38 5 39 22 40 21 41 37 42 9 43 32 44 10 45 24 46 41 47 33 48 10 49 12 50 25 51 30 52 31 53 9 54 28 55 27 56 31 57 22 58 9 59 31 60 57 61 24 62 5 63 22 64 55 65 52 66 42 67 33 68 30 69 64 70 4 71 65 72 69 73 45 74 11 75
70 69 0 1 0 2 0 3 2 4 0 5 1 6 3 7 1 8 5 9 2 10 6 11 3 12 7 13 7 14 2 15 7 16 10 17 16 18 2 19 7 20 2 21 10 22 11 23 12 24 2 25 4 26 14 27 5 28 18 29 28 30 20 31 19 32 26 33 19 34 17 35 3 36 9 37 19 38 14 39 37 40 23 41 24 42 21 43 18 44 29 45 6 46 9 47 35 48 3 49 8 50 7 51 44 52 3 53 14 54 0 55 24 56 23 57 5 58 1 59 45 60 56 61 36 62 3 63 48 64 39 65 52 66 50 67 59 68 57 69
28 27 0 1 0 2 0 3 0 4 0 5 2 6 4 7 2 8 4 9 7 10 1 11 8 12 0 13 4 14 6 15 3 16 0 17 15 18 3 19 0 20 14 21 15 22 7 23 10 24 21 25 14 26 9 27
12 11 0 1 0 2 0 3 0 4 3 5 3 6 0 7 0 8 2 9 2 10 4 11
15 14 0 1 0 2 0 3 1 4 1 5 3 6 1 7 2 8 4 9 6 10 6 11 8 12 3 13 5 14
29 28 0 1 0 2 1 3 1 4 0 5 0 6 1 7 6 8 6 9 8 10 1 11 0 12 11 13 12 14 5 15 1 16 6 17 11 18 4 19 12 20 19 21 0 22 14 23 18 24 22 25 0 26 1 27 20 28
8 7 0 1 0 2 0 3 2 4 0 5 2 6 0 7
34 33 0 1 0 2 0 3 0 4 0 5 1 6 3 7 0 8 1 9 6 10 3 11 10 12 4 13 0 14 12 15 14 16 11 17 13 18 13 19 16 20 0 21 20 22 17 23 19 24 2 25 22 26 9 27 6 28 15 29 25 30 26 31 2 32 5 33
22 21 0 1 0 2 0 3 1 4 2 5 0 6 0 7 6 8 1 9 4 10 2 11 1 12 2 13 0 14 9 15 12 16 4 17 15 18 1 19 0 20 8 21
13 12 0 1 0 2 0 3 2 4 2 5 3 6 5 7 3 8 7 9 6 10 9 11 0 12
96 95 0 1 0 2 1 3 1 4 0 5 4 6 0 7 4 8 0 9 7 10 7 11 2 12 7 13 0 14 10 15 12 16 2 17 8 18 4 19 14 20 12 21 0 22 13 23 12 24 7 25 24 26 19 27 6 28 11 29 22 30 16 31 23 32 18 33 31 34 16 35 28 36 27 37 15 38 18 39 14 40 21 41 37 42 10 43 4 44 6 45 32 46 5 47 25 48 7 49 22 50 47 51 5 52 13 53 51 54 51 55 42 56 33 57 6 58 2 59 21 60 37 61 33 62 4 63 12 64 37 65 54 66 34 67 1 68 19 69 28 70 20 71 69 72 32 73 67 74 11 75 57 76 38 77 71 78 60 79 41 80 73 81 13 82 66 83 53 84 69 85 52 86 13 87 5 88 40 89 8 90 78 91 19 92 54 93 25 94 73 95
71 70 0 1 0 2 0 3 1 4 0 5 2 6 3 7 2 8 1 9 0 10 1 11 4 12 2 13 6 14 1 15 2 16 2 17 6 18 6 19 2 20 9 21 15 22 12 23 3 24 4 25 16 26 20 27 16 28 9 29 3 30 10 31 6 32 17 33 6 34 20 35 13 36 19 37 18 38 29 39 13 40 39 41 36 42 19 43 23 44 38 45 33 46 20 47 3 48 23 49 8 50 37 51 48 52 17 53 50 54 24 55 20 56 17 57 52 58 7 59 52 60 51 61 36 62 33 63 49 64 44 65 19 66 45 67 33 68 62 69 30 70
53 52 0 1 0 2 1 3 0 4 3 5 3 6 2 7 2 8 2 9 4 10 0 11 4 12 8 13 2 14 11 15 2 16 3 17 8 18 2 19 2 20 15 21 12 22 16 23 7 24 18 25 15 26 16 27 0 28 11 29 19 30 10 31 5 32 3 33 21 34 28 35 21 36 32 37 3 38 12 39 6 40 15 41 8 42 21 43 11 44 39 45 8 46 0 47 30 48 18 49 48 50 17 51 15 52
51 50 0 1 0 2 0 3 0 4 2 5 0 6 2 7 3 8 7 9 5 10 4 11 6 12 5 13 6 14 12 15 8 16 3 17 12 18 2 19 11 20 19 21 4 22 15 23 2 24 6 25 21 26 25 27 0 28 26 29 24 30 1 31 3 32 23 33 30 34 4 35 13 36 22 37 20 38 31 39 19 40 1 41 35 42 35 43 25 44 23 45 12 46 26 47 25 48 5 49 38 50
36 35 0 1 0 2 1 3 1 4 0 5 1 6 0 7 3 8 0 9 3 10 3 11 5 12 0 13 5 14 4 15 5 16 6 17 15 18 2 19 14 20 15 21 20 22 13 23 7 24 2 25 15 26 0 27 12 28 23 29 10 30 0 31 4 32 29 33 25 34 2 35
26 25 0 1 0 2 1 3 0 4 3 5 4 6 3 7 3 8 1 9 3 10 4 11 5 12 6 13 9 14 9 15 6 16 2 17 2 18 11 19 18 20 6 21 10 22 20 23 9 24 1 25
1 0
50 49 0 1 0 2 0 3 0 4 3 5 1 6 0 7 3 8 7 9 4 10 6 11 8 12 1 13 10 14 5 15 10 16 0 17 4 18 1 19 13 20 15 21 10 22 1 23 20 24 2 25 13 26 25 27 4 28 10 29 11 30 0 31 28 32 7 33 7 34 23 35 17 36 32 37 32 38 8 39 4 40 9 41 23 42 36 43 38 44 9 45 33 46 12 47 7 48 0 49
