100
8 7 0 1 0 2 0 3 1 4 1 5 4 6 0 7
2 1 0 1
61 60 0 1 0 2 1 3 0 4 1 5 1 6 1 7 2 8 4 9 4 10 4 11 1 12 8 13 11 14 5 15 5 16 5 17 14 18 10 19 8 20 18 21 11 22 10 23 2 24 20 25 11 26 25 27 18 28 26 29 28 30 22 31 9 32 1 33 4 34 8 35 8 36 11 37 25 38 22 39 0 40 17 41 38 42 22 43 13 44 25 45 20 46 15 47 32 48 16 49 6 50 29 51 12 52 35 53 3 54 16 55 47 56 12 57 14 58 7 59 9 60
32 31 0 1 0 2 1 3 0 4 3 5 2 6 2 7 5 8 3 9 7 10 8 11 6 12 8 13 12 14 0 15 2 16 1 17 16 18 8 19 12 20 1 21 20 22 12 23 20 24 20 25 12 26 23 27 0 28 12 29 8 30 10 31
3 2 0 1 0 2
88 87 0 1 0 2 0 3 1 4 2 5 3 6 5 7 5 8 6 9 2 10 8 11 6 12 7 13 5 14 5 15 14 16 10 17 14 18 1 19 17 20 0 21 17 22 1 23 7 24 19 25 8 26 9 27 7 28 4 29 23 30 0 31 5 32 11 33 22 34 24 35 3 36 25 37 5 38 37 39 14 40 32 41 11 42 11 43 42 44 24 45 41 46 18 47 3 48 41 49 33 50 2 51 10 52 43 53 40 54 46 55 5 56 34 57 21 58 6 59 15 60 20 61 41 62 5 63 56 64 18 65 32 66 7 67 14 68 13 69 55 70 21 71 46 72 19 73 49 74 65 75 44 76 0 77 62 78 60 79 66 80 9 81 55 82 36 83 22 84 83 85 21 86 18 87
53 52 0 1 0 2 1 3 2 4 0 5 4 6 2 7 0 8 7 9 7 10 2 11 6 12 2 13 9 14 9 15 2 16 12 17 11 18 8 19 16 20 7 21 9 22 4 23 14 24 5 25 14 26 13 27 10 28 0 29 16 30 2 31 0 32 20 33 21 34 2 35 0 36 1 37 36 38 36 39 17 40 28 41 34 42 29 43 21 44 37 45 9 46 22 47 12 48 32 49 19 50 14 51 11 52
80 79 0 1 0 2 1 3 1 4 3 5 1 6 0 7 2 8 2 9 0 10 8 11 4 12 6 13 0 14 5 15 12 16 4 17 14 18 5 19 5 20 9 21 1 22 10 23 19 24 8 25 19 26 25 27 7 28 20 29 28 30 14 31 26 32 18 33 18 34 31 35 8 36 7 37 25 38 3 39 1 40 12 41 5 42 38 43 19 44 37 45 36 46 27 47 14 48 4 49 0 50 32 51 6 52 28 53 34 54 42 55 42 56 25 57 13 58 33 59 10 60 0 61 25 62 13 63 14 64 24 65 48 66 23 67 3 68 4 69 25 70 5 71 53 72 13 73 2 74 35 75 28 76 14 77 67 78 37 79
63 62 0 1 0 2 0 3 1 4 3 5 2 6 3 7 2 8 1 9 5 10 8 11 1 12 2 13 0 14 10 15 13 16 12 17 8 18 5 19 4 20 10 21 15 22 16 23 8 24 14 25 13 26 13 27 6 28 16 29 5 30 23 31 29 32 22 33 17 34 4 35 33 36 27 37 22 38 35 39 26 40 18 41 4 42 13 43 31 44 3 45 14 46 35 47 15 48 12 49 29 50 3 51 3 52 22 53 40 54 47 55 38 56 9 57 33 58 28 59 17 60 7 61 14 62
40 39 0 1 0 2 1 3 1 4 0 5 4 6 0 7 2 8 3 9 0 10 6 11 0 12 9 13 12 14 7 15 2 16 5 17 16 18 17 19 2 20 18 21 16 22 15 23 10 24 2 25 12 26 16 27 11 28 21 29 14 30 11 31 19 32 5 33 8 34 17 35 13 36 20 37 17 38 9 39
65 64 0 1 0 2 1 3 1 4 2 5 0 6 5 7 5 8 4 9 5 10 7 11 4 12 6 13 4 14 13 15 13 16 15 17 7 18 10 19 12 20 16 21 2 22 12 23 20 24 7 25 24 26 2 27 19 28 1 29 21 30 7 31 14 32 20 33 24 34 14 35 32 36 4 37 22 38 17 39 9 40 1 41 27 42 5 43 13 44 13 45 22 46 39 47 26 48 30 49 30 50 28 51 17 52 1 53 3 54 4 55 35 56 4 57 50 58 53 59 12 60 49 61 22 62 22 63 57 64
40 39 0 1 0 2 0 3 2 4 2 5 0 6 3 7 5 8 6 9 1 10 9 11 3 12 5 13 5 14 11 15 11 16 2 17 5 18 10 19 13 20 15 21 17 22 10 23 2 24 7 25 18 26 19 27 9 28 18 29 17 30 23 31 16 32 9 33 27 34 0 35 27 36 27 37 29 38 35 39
20 19 0 1 0 2 0 3 0 4 1 5 2 6 5 7 2 8 6 9 5 10 6 11 9 12 6 13 7 14 6 15 6 16 3 17 12 18 0 19
86 85 0 1 0 2 0 3 2 4 3 5 1 6 2 7 0 8 4 9 0 10 8 11 3 12 7 13 12 14 10 15 12 16 7 17 1 18 7 19 11 20 1 21 15 22 9 23 7 24 11 25 19 26 22 27 8 28 1 29 27 30 9 31 3 32 29 33 7 34 11 35 24 36 14 37 31 38 21 39 5 40 24 41 33 42 0 43 9 44 28 45 11 46 22 47 13 48 13 49 33 50 25 51 0 52 0 53 2 54 51 55 39 56 48 57 5 58 4 59 22 60 24 61 9 62 27 63 39 64 46 65 54 66 56 67 12 68 17 69 12 70 45 71 44 72 57 73 18 74 30 75 9 76 69 77 74 78 74 79 73 80 18 81 25 82 26 83 2 84 63 85
55 54 0 1 0 2 0 3 2 4 2 5 0 6 1 7 6 8 1 9 0 10 1 11 7 12 3 13 3 14 2 15 7 16 14 17 14 18 0 19 5 20 7 21 4 22 1 23 10 24 22 25 7 26 22 27 18 28 15 29 24 30 17 31 24 32 0 33 3 34 21 35 22 36 11 37 31 38 35 39 32 40 20 41 25 42 20 43 38 44 24 45 25 46 22 47 19 48 38 49 6 50 37 51 37 52 24 53 12 54
94 93 0 1 0 2 0 3 1 4 0 5 4 6 5 7 2 8 3 9 6 10 8 11 8 12 0 13 9 14 1 15 6 16 15 17 16 18 4 19 8 20 5 21 10 22 12 23 1 24 2 25 24 26 11 27 10 28 13 29 19 30 23 31 30 32 0 33 14 34 4 35 31 36 25 37 4 38 34 39 30 40 5 41 27 42 20 43 38 44 20 45 11 46 21 47 27 48 41 49 8 50 24 51 43 52 7 53 34 54 4 55 29 56 8 57 39 58 17 59 14 60 5 61 4 62 28 63 32 64 38 65 53 66 65 67 49 68 25 69 55 70 43 71 32 72 4 73 40 74 5 75 69 76 64 77 34 78 43 79 29 80 30 81 27 82 72 83 15 84 9 85 3 86 81 87 57 88 20 89 40 90 3 91 46 92 42 93
49 48 0 1 0 2 1 3 0 4 0 5 3 6 4 7 3 8 5 9 6 10 0 11 10 12 9 13 1 14 1 15 8 16 1 17 5 18 1 19 14 20 14 21 16 22 9 23 14 24 4 25 24 26 9 27 21 28 4 29 15 30 25 31 16 32 0 33 27 34 20 35 0 36 27 37 12 38 30 39 21 40 5 41 3 42 21 43 35 44 37 45 6 46 28 47 10 48
52 51 0 1 0 2 1 3 2 4 3 5 1 6 2 7 0 8 5 9 0 10 4 11 0 12 6 13 1 14 12 15 1 16 13 17 8 18 13 19 18 20 12 21 19 22 14 23 2 24 13 25 8 26 12 27 0 28 3 29 11 30 0 31 17 32 6 33 7 34 8 35 9 36 19 37 24 38 25 39 5 40 39 41 8 42 29 43 37 44 8 45 18 46 35 47 10 48 20 49 46 50 19 51
97 96 0 1 0 2 1 3 0 4 2 5 0 6 2 7 6 8 0 9 0 10 9 11 2 12 3 13 2 14 12 15 11 16 9 17 1 18 2 19 3 20 1 21 11 22 18 23 17 24 20 25 13 26 20 27 4 28 14 29 26 30 23 31 23 32 7 33 16 34 16 35 23 36 1 37 28 38 6 39 4 40 33 41 40 42 31 43 7 44 11 45 41 46 37 47 12 48 17 49 48 50 3 51 44 52 11 53 5 54 16 55 12 56 50 57 19 58 44 59 5 60 3 61 2 62 52 63 35 64 5 65 7 66 36 67 32 68 31 69 66 70 46 71 56 72 44 73 34 74 20 75 65 76 6 77 24 78 57 79 15 80 60 81 6 82 74 83 73 84 35 85 29 86 44 87 82 88 5 89 71 90 25 91 57 92 13 93 80 94 91 95 15 96
94 93 0 1 0 2 1 3 1 4 1 5 0 6 2 7 3 8 0 9 6 10 5 11 5 12 0 13 1 14 9 15 8 16 15 17 11 18 6 19 13 20 17 21 8 22 11 23 11 24 12 25 23 26 2 27 16 28 4 29 18 30 22 31 22 32 25 33 3 34 27 35 13 36 23 37 21 38 3 39 24 40 5 41 29 42 2 43 1 44 19 45 6 46 29 47 12 48 15 49 11 50 33 51 17 52 11 53 50 54 37 55 40 56 29 57 13 58 8 59 41 60 36 61 22 62 51 63 25 64 51 65 22 66 26 67 32 68 18 69 46 70 29 71 11 72 62 73 29 74 9 75 44 76 59 77 53 78 60 79 17 80 59 81 16 82 41 83 61 84 82 85 4 86 80 87 77 88 22 89 51 90 59 91 1 92 68 93
85 84 0 1 0 2 1 3 2 4 1 5 0 6 4 7 3 8 4 9 8 10 2 11 4 12 8 13 10 14 11 15 10 16 1 17 11 18 8 19 14 20 1 21 3 22 2 23 13 24 21 25 10 26 20 27 13 28 20 29 21 30 2 31 13 32 4 33 21 34 15 35 34 36 1 37 0 38 8 39 4 40 14 41 0 42 23 43 24 44 41 45 4 46 34 47 27 48 6 49 18 50 1 51 42 52 34 53 48 54 30 55 50 56 27 57 46 58 23 59 13 60 0 61 7 62 31 63 47 64 39 65 27 66 18 67 13 68 28 69 0 70 68 71 51 72 22 73 40 74 1 75 15 76 52 77 36 78 67 79 11 80 34 81 26 82 1 83 54 84
42 41 0 1 0 2 0 3 2 4 2 5 1 6 2 7 2 8 1 9 0 10 5 11 9 12 11 13 8 14 4 15 4 16 3 17 8 18 12 19 17 20 0 21 13 22 7 23 3 24 2 25 5 26 12 27 26 28 20 29 14 30 11 31 11 32 27 33 23 34 24 35 17 36 30 37 23 38 5 39 25 40 26 41
53 52 0 1 0 2 1 3 2 4 1 5 0 6 4 7 0 8 0 9 0 10 8 11 1 12 4 13 2 14 12 15 14 16 8 17 3 18 4 19 6 20 1 21 12 22 21 23 4 24 9 25 14 26 13 27 18 28 5 29 23 30 7 31 5 32 16 33 19 34 23 35 34 36 18 37 36 38 8 39 9 40 22 41 38 42 35 43 37 44 5 45 39 46 12 47 13 48 10 49 48 50 26 51 43 52
87 86 0 1 0 2 1 3 1 4 1 5 1 6 2 7 4 8 1 9 0 10 5 11 0 12 3 13 2 14 2 15 13 16 4 17 7 18 0 19 2 20 2 21 6 22 15 23 18 24 17 25 4 26 3 27 21 28 4 29 27 30 27 31 15 32 18 33 17 34 16 35 25 36 3 37 0 38 19 39 13 40 4 41 15 42 19 43 25 44 36 45 16 46 8 47 1 48 34 49 24 50 19 51 28 52 45 53 48 54 33 55 20 56 35 57 34 58 52 59 15 60 55 61 37 62 56 63 54 64 11 65 45 66 31 67 49 68 50 69 17 70 43 71 28 72 56 73 37 74 67 75 43 76 50 77 0 78 21 79 16 80 41 81 78 82 50 83 58 84 47 85 59 86
29 28 0 1 0 2 0 3 2 4 0 5 4 6 3 7 3 8 1 9 1 10 9 11 2 12 6 13 6 14 8 15 7 16 0 17 5 18 2 19 2 20 7 21 6 22 7 23 5 24 9 25 14 26 13 27 0 28
35 34 0 1 0 2 1 3 2 4 0 5 2 6 1 7 6 8 2 9 2 10 8 11 9 12 0 13 7 14 1 15 5 16 4 17 0 18 15 19 4 20 1 21 14 22 21 23 21 24 23 25 7 26 17 27 2 28 11 29 19 30 4 31 5 32 22 33 17 34
38 37 0 1 0 2 0 3 2 4 2 5 4 6 2 7 1 8 3 9 4 10 8 11 4 12 1 13 10 14 3 15 8 16 8 17 3 18 1 19 15 20 17 21 14 22 19 23 14 24 7 25 18 26 20 27 11 28 27 29 13 30 26 31 19 32 18 33 0 34 25 35 20 36 7 37
95 94 0 1 0 2 1 3 0 4 0 5 3 6 2 7 0 8 5 9 3 10 0 11 6 12 8 13 1 14 6 15 4 16 11 17 5 18 15 19 17 20 8 21 14 22 1 23 14 24 15 25 7 26 2 27 20 28 9 29 7 30 10 31 8 32 10 33 22 34 14 35 34 36 4 37 8 38 37 39 37 40 16 41 14 42 26 43 31 44 30 45 38 46 7 47 13 48 0 49 18 50 5 51 7 52 40 53 17 54 8 55 44 56 55 57 35 58 21 59 12 60 1 61 44 62 27 63 55 64 45 65 39 66 25 67 47 68 1 69 22 70 14 71 10 72 39 73 6 74 40 75 31 76 16 77 65 78 14 79 14 80 49 81 74 82 51 83 19 84 39 85 31 86 18 87 6 88 21 89 43 90 14 91 69 92 2 93 9 94
47 46 0 1 0 2 0 3 0 4 2 5 3 6 1 7 4 8 2 9 6 10 8 11 0 12 11 13 4 14 4 15 7 16 12 17 7 18 5 19 6 20 5 21 14 22 0 23 17 24 20 25 13 26 23 27 2 28 25 29 7 30 1 31 15 32 22 33 11 34 27 35 14 36 33 37 25 38 20 39 4 40 23 41 4 42 11 43 22 44 7 45 44 46
8 7 0 1 0 2 0 3 2 4 3 5 0 6 1 7
35 34 0 1 0 2 1 3 1 4 1 5 4 6 5 7 2 8 4 9 6 10 9 11 9 12 6 13 2 14 9 15 1 16 8 17 4 18 1 19 16 20 14 21 9 22 1 23 7 24 23 25 17 26 11 27 5 28 24 29 14 30 15 31 11 32 9 33 24 34
73 72 0 1 0 2 0 3 0 4 2 5 3 6 2 7 6 8 7 9 3 10 7 11 10 12 2 13 8 14 8 15 1 16 5 17 4 18 3 19 1 20 5 21 10 22 19 23 10 24 21 25 11 26 22 27 15 28 4 29 15 30 28 31 22 32 18 33 4 34 13 35 28 36 11 37 7 38 21 39 25 40 2 41 11 42 41 43 31 44 20 45 1 46 4 47 28 48 14 49 19 50 11 51 31 52 44 53 41 54 12 55 42 56 44 57 33 58 3 59 50 60 17 61 3 62 15 63 62 64 3 65 9 66 7 67 47 68 18 69 22 70 6 71 34 72
27 26 0 1 0 2 1 3 0 4 2 5 4 6 2 7 3 8 0 9 5 10 5 11 5 12 11 13 0 14 11 15 6 16 13 17 13 18 1 19 13 20 6 21 8 22 17 23 2 24 12 25 12 26
8 7 0 1 0 2 0 3 0 4 2 5 2 6 2 7
66 65 0 1 0 2 0 3 0 4 3 5 4 6 0 7 1 8 2 9 6 10 8 11 6 12 1 13 8 14 8 15 13 16 8 17 14 18 9 19 12 20 2 21 13 22 10 23 3 24 2 25 6 26 10 27 22 28 2 29 9 30 23 31 30 32 20 33 18 34 15 35 25 36 11 37 12 38 27 39 27 40 26 41 37 42 22 43 22 44 19 45 26 46 44 47 27 48 24 49 19 50 37 51 29 52 21 53 26 54 37 55 7 56 24 57 54 58 53 59 33 60 37 61 3 62 19 63 53 64 56 65
88 87 0 1 0 2 1 3 2 4 1 5 3 6 3 7 3 8 7 9 2 10 6 11 10 12 9 13 2 14 2 15 1 16 12 17 16 18 3 19 3 20 9 21 15 22 5 23 22 24 8 25 15 26 7 27 21 28 16 29 24 30 10 31 0 32 7 33 26 34 17 35 18 36 26 37 15 38 26 39 26 40 4 41 2 42 17 43 16 44 35 45 33 46 40 47 46 48 11 49 22 50 32 51 17 52 32 53 30 54 11 55 30 56 20 57 55 58 9 59 5 60 16 61 18 62 5 63 18 64 28 65 59 66 45 67 62 68 61 69 68 70 53 71 20 72 18 73 41 74 15 75 30 76 66 77 57 78 42 79 47 80 61 81 4 82 32 83 26 84 65 85 18 86 18 87
33 32 0 1 0 2 0 3 0 4 2 5 0 6 3 7 0 8 5 9 0 10 3 11 10 12 5 13 8 14 8 15 8 16 14 17 2 18 5 19 2 20 15 21 0 22 21 23 2 24 15 25 16 26 24 27 1 28 18 29 1 30 9 31 17 32
89 88 0 1 0 2 1 3 2 4 2 5 1 6 1 7 3 8 2 9 2 10 3 11 2 12 6 13 1 14 12 15 2 16 2 17 9 18 9 19 13 20 14 21 8 22 11 23 13 24 17 25 22 26 17 27 2 28 24 29 1 30 21 31 30 32 8 33 5 34 19 35 1 36 19 37 9 38 32 39 18 40 25 41 27 42 29 43 42 44 40 45 36 46 13 47 45 48 28 49 47 50 26 51 1 52 30 53 4 54 3 55 46 56 5 57 35 58 51 59 33 60 11 61 60 62 15 63 22 64 12 65 63 66 48 67 48 68 48 69 5 70 58 71 3 72 33 73 43 74 32 75 41 76 71 77 31 78 35 79 46 80 69 81 8 82 61 83 0 84 43 85 25 86 7 87 32 88
38 37 0 1 0 2 1 3 1 4 1 5 3 6 1 7 3 8 0 9 8 10 4 11 6 12 6 13 9 14 3 15 5 16 3 17 10 18 4 19 9 20 19 21 13 22 4 23 2 24 2 25 7 26 2 27 7 28 18 29 25 30 16 31 6 32 10 33 16 34 6 35 13 36 24 37
62 61 0 1 0 2 1 3 0 4 3 5 0 6 3 7 4 8 6 9 1 10 0 11 6 12 2 13 9 14 9 15 8 16 2 17 5 18 7 19 15 20 3 21 12 22 10 23 22 24 19 25 0 26 1 27 8 28 1 29 17 30 28 31 28 32 26 33 14 34 1 35 34 36 12 37 25 38 18 39 30 40 2 41 19 42 21 43 2 44 29 45 5 46 28 47 25 48 42 49 15 50 25 51 39 52 22 53 19 54 28 55 34 56 47 57 55 58 8 59 36 60 4 61
91 90 0 1 0 2 1 3 2 4 3 5 4 6 3 7 0 8 6 9 1 10 9 11 8 12 5 13 1 14 7 15 8 16 0 17 15 18 11 19 2 20 1 21 3 22 0 23 7 24 2 25 13 26 22 27 2 28 0 29 3 30 14 31 26 32 31 33 10 34 3 35 10 36 14 37 23 38 8 39 32 40 14 41 14 42 12 43 29 44 13 45 1 46 1 47 0 48 39 49 33 50 9 51 31 52 13 53 12 54 15 55 35 56 5 57 51 58 3 59 42 60 51 61 19 62 8 63 40 64 4 65 32 66 49 67 57 68 30 69 18 70 68 71 52 72 7 73 21 74 16 75 59 76 38 77 72 78 18 79 75 80 77 81 41 82 58 83 39 84 14 85 44 86 20 87 6 88 49 89 41 90
48 47 0 1 0 2 1 3 2 4 1 5 0 6 5 7 6 8 2 9 6 10 8 11 3 12 8 13 12 14 3 15 1 16 0 17 9 18 14 19 16 20 13 21 14 22 18 23 2 24 2 25 20 26 7 27 2 28 5 29 12 30 6 31 4 32 3 33 32 34 14 35 9 36 0 37 10 38 13 39 35 40 39 41 38 42 40 43 26 44 30 45 11 46 36 47
51 50 0 1 0 2 1 3 0 4 0 5 2 6 1 7 3 8 2 9 0 10 0 11 2 12 11 13 5 14 13 15 2 16 10 17 6 18 1 19 14 20 12 21 9 22 4 23 1 24 23 25 7 26 11 27 7 28 16 29 14 30 6 31 4 32 22 33 21 34 4 35 7 36 33 37 12 38 10 39 33 40 17 41 6 42 11 43 14 44 15 45 19 46 16 47 26 48 46 49 2 50
95 94 0 1 0 2 1 3 1 4 1 5 0 6 4 7 1 8 7 9 7 10 9 11 2 12 10 13 12 14 9 15 6 16 10 17 5 18 17 19 3 20 5 21 20 22 21 23 18 24 17 25 16 26 19 27 6 28 20 29 10 30 26 31 11 32 17 33 24 34 4 35 1 36 27 37 24 38 33 39 2 40 18 41 39 42 0 43 20 44 10 45 6 46 21 47 41 48 15 49 36 50 9 51 11 52 40 53 42 54 2 55 40 56 6 57 32 58 2 59 52 60 48 61 17 62 38 63 32 64 44 65 60 66 52 67 23 68 30 69 68 70 50 71 67 72 57 73 51 74 19 75 10 76 18 77 22 78 58 79 55 80 40 81 74 82 14 83 1 84 18 85 35 86 55 87 32 88 32 89 62 90 12 91 88 92 73 93 59 94
75 74 0 1 0 2 1 3 0 4 2 5 2 6 4 7 0 8 7 9 0 10 8 11 3 12 10 13 0 14 10 15 10 16 3 17 5 18 2 19 0 20 4 21 15 22 17 23 0 24 18 25 19 26 11 27 9 28 11 29 4 30 1 31 17 32 22 33 27 34 13 35 9 36 7 37 30 38 22 39 33 40 13 41 31 42 35 43 28 44 30 45 17 46 18 47 28 48 27 49 18 50 9 51 18 52 22 53 50 54 48 55 53 56 1 57 22 58 54 59 52 60 40 61 36 62 44 63 37 64 46 65 4 66 62 67 17 68 55 69 66 70 28 71 52 72 17 73 29 74
40 39 0 1 0 2 1 3 2 4 3 5 0 6 4 7 1 8 1 9 4 10 0 11 3 12 8 13 5 14 9 15 6 16 11 17 2 18 3 19 3 20 3 21 10 22 4 23 6 24 19 25 12 26 18 27 10 28 2 29 24 30 5 31 11 32 7 33 27 34 10 35 12 36 10 37 1 38 22 39
72 71 0 1 0 2 0 3 2 4 3 5 1 6 2 7 4 8 2 9 0 10 6 11 7 12 5 13 11 14 9 15 6 16 0 17 3 18 15 19 11 20 9 21 6 22 19 23 21 24 7 25 6 26 15 27 23 28 15 29 19 30 5 31 19 32 19 33 12 34 25 35 14 36 32 37 6 38 27 39 36 40 39 41 8 42 26 43 17 44 14 45 32 46 30 47 23 48 19 49 36 50 35 51 36 52 29 53 20 54 29 55 0 56 44 57 48 58 51 59 57 60 58 61 32 62 55 63 25 64 3 65 32 66 37 67 14 68 37 69 65 70 53 71
64 63 0 1 0 2 0 3 1 4 0 5 0 6 0 7 2 8 1 9 6 10 5 11 10 12 5 13 1 14 6 15 12 16 6 17 9 18 10 19 11 20 10 21 16 22 6 23 6 24 5 25 22 26 20 27 10 28 20 29 6 30 2 31 2 32 22 33 0 34 29 35 6 36 20 37 14 38 3 39 37 40 27 41 34 42 22 43 18 44 37 45 35 46 16 47 46 48 7 49 31 50 37 51 44 52 3 53 17 54 8 55 21 56 35 57 20 58 0 59 28 60 35 61 16 62 37 63
61 60 0 1 0 2 0 3 1 4 3 5 1 6 5 7 2 8 4 9 4 10 9 11 6 12 1 13 12 14 2 15 6 16 10 17 10 18 4 19 14 20 17 21 6 22 20 23 9 24 22 25 23 26 4 27 13 28 22 29 27 30 25 31 21 32 2 33 26 34 20 35 24 36 12 37 3 38 36 39 22 40 5 41 21 42 20 43 39 44 43 45 5 46 30 47 44 48 6 49 13 50 35 51 13 52 19 53 46 54 4 55 0 56 33 57 3 58 34 59 28 60
15 14 0 1 0 2 1 3 0 4 1 5 1 6 5 7 1 8 0 9 2 10 2 11 4 12 2 13 9 14
8 7 0 1 0 2 0 3 2 4 2 5 1 6 0 7
59 58 0 1 0 2 0 3 0 4 3 5 3 6 0 7 6 8 2 9 4 10 6 11 2 12 4 13 11 14 8 15 8 16 3 17 9 18 0 19 0 20 2 21 14 22 6 23 22 24 18 25 4 26 18 27 22 28 21 29 9 30 15 31 26 32 11 33 9 34 26 35 20 36 19 37 19 38 8 39 34 40 6 41 6 42 29 43 33 44 24 45 25 46 42 47 23 48 46 49 48 50 20 51 17 52 36 53 17 54 34 55 23 56 11 57 51 58
25 24 0 1 0 2 1 3 2 4 3 5 4 6 0 7 6 8 4 9 1 10 0 11 9 12 9 13 6 14 9 15 5 16 7 17 14 18 5 19 5 20 18 21 19 22 16 23 0 24
72 71 0 1 0 2 1 3 2 4 3 5 4 6 3 7 5 8 4 9 1 10 5 11 9 12 1 13 8 14 6 15 6 16 14 17 3 18 3 19 1 20 7 21 7 22 18 23 22 24 15 25 17 26 5 27 9 28 23 29 20 30 26 31 29 32 26 33 26 34 6 35 30 36 11 37 16 38 0 39 30 40 28 41 11 42 25 43 21 44 33 45 32 46 12 47 45 48 45 49 18 50 26 51 39 52 14 53 7 54 44 55 49 56 6 57 44 58 27 59 18 60 26 61 42 62 7 63 46 64 12 65 35 66 61 67 36 68 48 69 44 70 15 71
21 20 0 1 0 2 0 3 2 4 3 5 3 6 0 7 5 8 2 9 2 10 7 11 2 12 7 13 3 14 8 15 2 16 4 17 8 18 12 19 15 20
16 15 0 1 0 2 1 3 0 4 0 5 2 6 4 7 0 8 4 9 2 10 0 11 8 12 1 13 9 14 0 15
12 11 0 1 0 2 0 3 1 4 1 5 4 6 2 7 5 8 0 9 2 10 0 11
10 9 0 1 0 2 0 3 1 4 2 5 4 6 4 7 1 8 6 9
79 78 0 1 0 2 1 3 0 4 1 5 0 6 3 7 3 8 2 9 4 10 5 11 10 12 5 13 6 14 5 15 1 16 1 17 15 18 16 19 14 20 17 21 4 22 13 23 17 24 10 25 20 26 20 27 24 28 17 29 6 30 4 31 22 32 25 33 14 34 32 35 10 36 25 37 14 38 5 39 24 40 3 41 4 42 26 43 8 44 9 45 23 46 20 47 5 48 32 49 22 50 40 51 5 52 34 53 18 54 3 55 37 56 16 57 2 58 1 59 45 60 35 61 15 62 21 63 57 64 11 65 26 66 61 67 42 68 32 69 12 70 2 71 3 72 27 73 34 74 4 75 41 76 10 77 40 78
65 64 0 1 0 2 1 3 2 4 2 5 1 6 3 7 2 8 1 9 0 10 4 11 9 12 10 13 6 14 5 15 14 16 14 17 4 18 2 19 15 20 9 21 15 22 13 23 10 24 6 25 6 26 3 27 8 28 6 29 1 30 26 31 1 32 27 33 2 34 5 35 21 36 27 37 30 38 3 39 3 40 32 41 34 42 18 43 3 44 29 45 40 46 32 47 12 48 25 49 48 50 42 51 25 52 27 53 38 54 5 55 31 56 8 57 56 58 23 59 31 60 2 61 4 62 8 63 31 64
82 81 0 1 0 2 0 3 2 4 2 5 2 6 4 7 6 8 3 9 5 10 9 11 6 12 4 13 6 14 11 15 7 16 11 17 3 18 5 19 2 20 10 21 6 22 5 23 13 24 7 25 5 26 15 27 8 28 13 29 1 30 27 31 13 32 14 33 10 34 20 35 1 36 15 37 17 38 22 39 30 40 5 41 26 42 0 43 35 44 12 45 1 46 10 47 11 48 29 49 32 50 49 51 21 52 50 53 33 54 11 55 52 56 1 57 28 58 19 59 54 60 56 61 39 62 41 63 60 64 28 65 21 66 48 67 32 68 50 69 52 70 8 71 50 72 14 73 66 74 57 75 59 76 17 77 76 78 18 79 6 80 18 81
36 35 0 1 0 2 1 3 2 4 1 5 1 6 4 7 5 8 0 9 5 10 0 11 7 12 2 13 10 14 13 15 1 16 4 17 16 18 6 19 12 20 8 21 17 22 0 23 19 24 0 25 6 26 14 27 21 28 27 29 15 30 2 31 26 32 16 33 17 34 24 35
79 78 0 1 0 2 0 3 1 4 1 5 3 6 4 7 1 8 7 9 4 10 4 11 3 12 7 13 7 14 8 15 12 16 11 17 11 18 17 19 2 20 1 21 8 22 10 23 16 24 11 25 24 26 20 27 9 28 25 29 28 30 27 31 19 32 24 33 10 34 9 35 3 36 31 37 29 38 1 39 30 40 19 41 2 42 37 43 25 44 5 45 13 46 19 47 46 48 36 49 21 50 12 51 25 52 28 53 27 54 36 55 34 56 36 57 29 58 10 59 15 60 1 61 40 62 4 63 7 64 31 65 28 66 25 67 35 68 10 69 52 70 7 71 9 72 14 73 11 74 50 75 57 76 1 77 76 78
12 11 0 1 0 2 0 3 0 4 1 5 0 6 2 7 1 8 3 9 0 10 9 11
90 89 0 1 0 2 1 3 2 4 0 5 4 6 4 7 5 8 2 9 3 10 3 11 7 12 0 13 7 14 2 15 10 16 15 17 14 18 6 19 0 20 2 21 13 22 1 23 4 24 13 25 19 26 10 27 14 28 17 29 9 30 15 31 4 32 28 33 30 34 22 35 20 36 26 37 27 38 23 39 20 40 33 41 37 42 23 43 17 44 27 45 13 46 1 47 29 48 10 49 34 50 27 51 27 52 34 53 33 54 51 55 26 56 35 57 4 58 52 59 53 60 56 61 51 62 58 63 39 64 33 65 5 66 56 67 18 68 1 69 54 70 28 71 22 72 61 73 36 74 40 75 57 76 52 77 38 78 42 79 59 80 36 81 56 82 49 83 29 84 29 85 31 86 56 87 79 88 48 89
92 91 0 1 0 2 0 3 0 4 3 5 4 6 5 7 2 8 1 9 1 10 6 11 1 12 9 13 7 14 5 15 3 16 11 17 7 18 7 19 0 20 14 21 13 22 8 23 5 24 11 25 2 26 15 27 9 28 17 29 21 30 0 31 11 32 18 33 12 34 30 35 32 36 14 37 16 38 26 39 5 40 8 41 20 42 10 43 7 44 6 45 2 46 45 47 36 48 47 49 31 50 3 51 12 52 40 53 22 54 46 55 8 56 9 57 3 58 25 59 45 60 27 61 54 62 48 63 45 64 51 65 26 66 13 67 40 68 13 69 19 70 10 71 40 72 35 73 5 74 45 75 53 76 12 77 68 78 29 79 78 80 39 81 74 82 48 83 67 84 67 85 0 86 41 87 43 88 8 89 13 90 87 91
72 71 0 1 0 2 1 3 0 4 2 5 3 6 2 7 4 8 3 9 1 10 9 11 1 12 1 13 10 14 5 15 3 16 15 17 15 18 11 19 4 20 5 21 2 22 9 23 22 24 6 25 20 26 9 27 2 28 20 29 8 30 2 31 23 32 18 33 4 34 15 35 27 36 23 37 10 38 5 39 10 40 30 41 2 42 25 43 21 44 29 45 30 46 34 47 32 48 45 49 8 50 17 51 19 52 22 53 28 54 48 55 50 56 22 57 38 58 17 59 56 60 32 61 54 62 32 63 29 64 5 65 7 66 28 67 30 68 8 69 10 70 57 71
3 2 0 1 0 2
67 66 0 1 0 2 1 3 2 4 0 5 2 6 5 7 1 8 4 9 4 10 4 11 3 12 5 13 11 14 11 15 13 16 3 17 0 18 10 19 18 20 12 21 14 22 20 23 19 24 1 25 0 26 12 27 8 28 23 29 11 30 22 31 7 32 31 33 24 34 17 35 8 36 6 37 23 38 19 39 20 40 26 41 3 42 32 43 36 44 43 45 44 46 16 47 19 48 10 49 16 50 18 51 28 52 20 53 31 54 18 55 3 56 14 57 41 58 54 59 16 60 31 61 40 62 39 63 52 64 13 65 35 66
42 41 0 1 0 2 1 3 1 4 2 5 2 6 2 7 0 8 3 9 5 10 6 11 9 12 2 13 8 14 8 15 10 16 12 17 11 18 11 19 14 20 9 21 3 22 10 23 7 24 22 25 19 26 15 27 2 28 24 29 7 30 4 31 1 32 25 33 16 34 31 35 5 36 31 37 10 38 22 39 34 40 37 41
44 43 0 1 0 2 0 3 1 4 0 5 1 6 0 7 6 8 5 9 3 10 4 11 1 12 2 13 4 14 6 15 0 16 12 17 15 18 9 19 8 20 2 21 0 22 21 23 17 24 11 25 15 26 0 27 15 28 5 29 24 30 9 31 18 32 7 33 32 34 2 35 3 36 10 37 25 38 22 39 7 40 7 41 15 42 11 43
86 85 0 1 0 2 1 3 2 4 3 5 4 6 2 7 2 8 3 9 6 10 6 11 5 12 3 13 6 14 3 15 7 16 6 17 12 18 11 19 15 20 8 21 4 22 10 23 10 24 4 25 4 26 1 27 8 28 21 29 2 30 22 31 30 32 26 33 17 34 2 35 14 36 14 37 28 38 31 39 22 40 20 41 37 42 10 43 4 44 5 45 20 46 7 47 37 48 3 49 19 50 43 51 34 52 44 53 32 54 16 55 22 56 5 57 28 58 54 59 20 60 31 61 28 62 41 63 28 64 45 65 50 66 11 67 28 68 0 69 46 70 43 71 37 72 49 73 51 74 50 75 16 76 39 77 70 78 58 79 56 80 67 81 63 82 69 83 13 84 45 85
22 21 0 1 0 2 0 3 2 4 1 5 1 6 1 7 3 8 6 9 5 10 8 11 3 12 8 13 0 14 3 15 5 16 3 17 14 18 9 19 11 20 9 21
46 45 0 1 0 2 0 3 2 4 1 5 2 6 5 7 1 8 6 9 4 10 1 11 9 12 9 13 3 14 12 15 3 16 1 17 12 18 14 19 2 20 14 21 18 22 9 23 3 24 17 25 1 26 2 27 16 28 17 29 0 30 25 31 26 32 20 33 26 34 16 35 25 36 34 37 33 38 25 39 23 40 22 41 32 42 6 43 5 44 22 45
86 85 0 1 0 2 1 3 1 4 0 5 3 6 1 7 2 8 1 9 0 10 5 11 6 12 6 13 3 14 10 15 11 16 10 17 10 18 0 19 5 20 9 21 20 22 7 23 3 24 10 25 6 26 4 27 21 28 5 29 23 30 9 31 27 32 7 33 17 34 2 35 23 36 25 37 17 38 19 39 21 40 26 41 4 42 13 43 10 44 25 45 19 46 40 47 7 48 47 49 26 50 15 51 15 52 7 53 21 54 48 55 18 56 51 57 30 58 14 59 31 60 32 61 50 62 1 63 50 64 7 65 5 66 64 67 58 68 2 69 55 70 28 71 59 72 58 73 62 74 22 75 63 76 15 77 11 78 1 79 4 80 35 81 79 82 3 83 9 84 79 85
66 65 0 1 0 2 0 3 2 4 1 5 2 6 4 7 4 8 7 9 1 10 7 11 7 12 2 13 8 14 4 15 10 16 12 17 6 18 4 19 5 20 13 21 0 22 13 23 6 24 18 25 6 26 5 27 18 28 18 29 10 30 24 31 28 32 26 33 21 34 1 35 5 36 21 37 6 38 8 39 17 40 34 41 28 42 1 43 28 44 43 45 38 46 16 47 5 48 47 49 19 50 11 51 20 52 15 53 20 54 16 55 19 56 21 57 12 58 7 59 41 60 57 61 20 62 2 63 55 64 58 65
14 13 0 1 0 2 1 3 0 4 3 5 4 6 1 7 3 8 2 9 4 10 3 11 6 12 11 13
36 35 0 1 0 2 1 3 2 4 1 5 3 6 3 7 2 8 0 9 7 10 9 11 3 12 9 13 7 14 6 15 2 16 7 17 9 18 7 19 17 20 10 21 9 22 9 23 11 24 21 25 19 26 2 27 7 28 14 29 16 30 24 31 9 32 6 33 3 34 28 35
71 70 0 1 0 2 1 3 2 4 1 5 4 6 0 7 2 8 0 9 5 10 0 11 6 12 6 13 9 14 8 15 11 16 8 17 11 18 9 19 16 20 13 21 2 22 16 23 6 24 5 25 4 26 24 27 10 28 21 29 8 30 4 31 10 32 24 33 11 34 19 35 25 36 14 37 32 38 7 39 12 40 26 41 1 42 31 43 7 44 28 45 34 46 19 47 32 48 17 49 2 50 21 51 47 52 35 53 10 54 32 55 29 56 41 57 33 58 38 59 50 60 37 61 23 62 50 63 17 64 10 65 0 66 7 67 55 68 7 69 25 70
61 60 0 1 0 2 1 3 0 4 0 5 1 6 4 7 0 8 1 9 3 10 3 11 8 12 5 13 3 14 7 15 10 16 11 17 14 18 6 19 7 20 14 21 10 22 20 23 4 24 12 25 10 26 23 27 5 28 17 29 6 30 11 31 15 32 10 33 12 34 13 35 15 36 23 37 7 38 5 39 22 40 21 41 33 42 19 43 26 44 14 45 7 46 11 47 40 48 36 49 4 50 45 51 33 52 16 53 52 54 44 55 18 56 23 57 37 58 25 59 11 60
62 61 0 1 0 2 0 3 0 4 1 5 0 6 5 7 2 8 6 9 1 10 4 11 7 12 10 13 12 14 12 15 8 16 12 17 13 18 17 19 15 20 8 21 13 22 20 23 15 24 18 25 12 26 4 27 7 28 0 29 25 30 3 31 27 32 8 33 24 34 11 35 19 36 9 37 22 38 18 39 7 40 18 41 13 42 35 43 33 44 14 45 41 46 32 47 21 48 11 49 48 50 12 51 28 52 49 53 48 54 15 55 46 56 34 57 8 58 39 59 40 60 58 61
55 54 0 1 0 2 0 3 2 4 2 5 4 6 2 7 5 8 4 9 6 10 6 11 10 12 5 13 10 14 3 15 1 16 8 17 9 18 7 19 5 20 3 21 11 22 21 23 17 24 21 25 10 26 22 27 11 28 12 29 10 30 13 31 27 32 12 33 2 34 6 35 8 36 4 37 23 38 8 39 36 40 6 41 30 42 37 43 35 44 25 45 27 46 41 47 14 48 44 49 31 50 22 51 16 52 21 53 3 54
32 31 0 1 0 2 1 3 0 4 0 5 2 6 1 7 6 8 0 9 0 10 8 11 8 12 0 13 6 14 2 15 11 16 1 17 5 18 1 19 0 20 16 21 8 22 16 23 2 24 22 25 1 26 8 27 7 28 18 29 25 30 2 31
89 88 0 1 0 2 0 3 2 4 2 5 0 6 5 7 3 8 4 9 7 10 4 11 3 12 3 13 5 14 11 15 7 16 12 17 3 18 1 19 16 20 15 21 18 22 9 23 15 24 0 25 2 26 4 27 17 28 23 29 13 30 14 31 13 32 19 33 0 34 2 35 20 36 16 37 24 38 21 39 31 40 19 41 34 42 25 43 28 44 30 45 32 46 32 47 46 48 17 49 33 50 5 51 6 52 14 53 26 54 29 55 4 56 7 57 19 58 3 59 5 60 39 61 31 62 29 63 40 64 30 65 53 66 54 67 25 68 4 69 31 70 43 71 68 72 39 73 62 74 44 75 25 76 75 77 3 78 26 79 30 80 55 81 78 82 12 83 22 84 83 85 47 86 19 87 56 88
96 95 0 1 0 2 1 3 2 4 0 5 2 6 2 7 6 8 0 9 5 10 0 11 6 12 11 13 2 14 4 15 8 16 12 17 5 18 2 19 16 20 5 21 10 22 9 23 19 24 21 25 1 26 1 27 1 28 13 29 14 30 13 31 22 32 8 33 15 34 31 35 5 36 25 37 29 38 16 39 8 40 38 41 8 42 10 43 25 44 32 45 29 46 8 47 17 48 41 49 37 50 38 51 21 52 16 53 3 54 39 55 9 56 38 57 28 58 3 59 48 60 30 61 4 62 15 63 20 64 52 65 38 66 52 67 45 68 34 69 22 70 65 71 68 72 5 73 47 74 26 75 72 76 53 77 71 78 4 79 54 80 47 81 48 82 0 83 67 84 31 85 70 86 84 87 62 88 9 89 79 90 38 91 73 92 55 93 63 94 71 95
10 9 0 1 0 2 1 3 2 4 1 5 3 6 5 7 6 8 2 9
59 58 0 1 0 2 1 3 1 4 3 5 1 6 1 7 1 8 6 9 1 10 1 11 6 12 9 13 8 14 7 15 10 16 1 17 16 18 11 19 7 20 1 21 13 22 12 23 10 24 20 25 20 26 5 27 23 28 26 29 12 30 11 31 11 32 5 33 13 34 6 35 20 36 35 37 36 38 37 39 4 40 0 41 36 42 17 43 25 44 24 45 5 46 25 47 38 48 45 49 5 50 40 51 16 52 27 53 45 54 29 55 30 56 3 57 32 58
1 0
62 61 0 1 0 2 0 3 0 4 0 5 3 6 2 7 6 8 2 9 4 10 8 11 9 12 11 13 8 14 1 15 14 16 10 17 5 18 13 19 11 20 12 21 11 22 5 23 12 24 12 25 12 26 2 27 13 28 11 29 16 30 13 31 10 32 6 33 25 34 3 35 29 36 29 37 14 38 29 39 32 40 17 41 13 42 2 43 15 44 22 45 22 46 5 47 32 48 45 49 42 50 28 51 33 52 5 53 14 54 50 55 10 56 51 57 39 58 18 59 9 60 45 61
62 61 0 1 0 2 1 3 1 4 0 5 4 6 3 7 0 8 7 9 6 10 8 11 4 12 6 13 4 14 6 15 7 16 13 17 12 18 3 19 3 20 16 21 1 22 1 23 20 24 22 25 0 26 11 27 20 28 20 29 24 30 20 31 18 32 25 33 2 34 1 35 6 36 3 37 23 38 35 39 36 40 3 41 14 42 21 43 1 44 15 45 37 46 0 47 46 48 33 49 18 50 17 51 25 52 47 53 10 54 50 55 18 56 43 57 54 58 21 59 21 60 48 61
14 13 0 1 0 2 1 3 0 4 2 5 4 6 1 7 5 8 7 9 4 10 7 11 9 12 2 13
22 21 0 1 0 2 0 3 2 4 3 5 3 6 2 7 5 8 6 9 0 10 6 11 4 12 0 13 0 14 9 15 0 16 6 17 0 18 1 19 13 20 2 21
93 92 0 1 0 2 0 3 0 4 0 5 1 6 0 7 2 8 7 9 8 10 0 11 6 12 0 13 7 14 13 15 10 16 1 17 1 18 14 19 13 20 9 21 19 22 7 23 16 24 5 25 13 26 14 27 4 28 21 29 25 30 27 31 13 32 6 33 31 34 20 35 32 36 18 37 31 38 14 39 4 40 32 41 17 42 14 43 11 44 37 45 21 46 17 47 6 48 13 49 7 50 7 51 9 52 1 53 36 54 26 55 51 56 2 57 0 58 41 59 26 60 56 61 47 62 52 63 33 64 19 65 52 66 25 67 47 68 23 69 15 70 10 71 70 72 30 73 25 74 69 75 39 76 46 77 26 78 54 79 78 80 16 81 14 82 12 83 21 84 52 85 15 86 78 87 19 88 37 89 70 90 77 91 80 92
88 87 0 1 0 2 0 3 0 4 2 5 2 6 3 7 0 8 3 9 6 10 2 11 10 12 10 13 10 14 3 15 13 16 12 17 5 18 2 19 7 20 17 21 4 22 1 23 20 24 3 25 6 26 8 27 16 28 1 29 6 30 19 31 5 32 16 33 3 34 27 35 32 36 33 37 32 38 29 39 9 40 15 41 25 42 27 43 32 44 26 45 44 46 42 47 45 48 40 49 20 50 6 51 10 52 39 53 33 54 8 55 33 56 36 57 18 58 29 59 10 60 20 61 60 62 22 63 21 64 5 65 13 66 38 67 38 68 30 69 10 70 54 71 24 72 3 73 38 74 56 75 37 76 51 77 28 78 59 79 11 80 62 81 42 82 20 83 42 84 65 85 7 86 66 87
75 74 0 1 0 2 1 3 1 4 1 5 2 6 4 7 5 8 4 9 6 10 3 11 8 12 10 13 4 14 7 15 1 16 11 17 8 18 9 19 0 20 8 21 0 22 15 23 5 24 8 25 22 26 0 27 16 28 1 29 27 30 10 31 25 32 6 33 0 34 3 35 19 36 4 37 12 38 18 39 2 40 3 41 7 42 26 43 29 44 17 45 33 46 4 47 45 48 18 49 18 50 39 51 40 52 51 53 20 54 2 55 22 56 14 57 32 58 38 59 21 60 59 61 4 62 14 63 30 64 54 65 52 66 25 67 49 68 36 69 15 70 3 71 64 72 32 73 56 74
87 86 0 1 0 2 0 3 2 4 2 5 0 6 5 7 6 8 4 9 4 10 2 11 10 12 0 13 8 14 3 15 0 16 11 17 8 18 16 19 15 20 6 21 18 22 4 23 12 24 5 25 16 26 14 27 9 28 6 29 2 30 9 31 2 32 31 33 17 34 16 35 19 36 24 37 13 38 7 39 7 40 2 41 3 42 17 43 27 44 14 45 3 46 34 47 32 48 9 49 36 50 28 51 31 52 2 53 51 54 18 55 25 56 30 57 51 58 35 59 5 60 50 61 5 62 10 63 30 64 4 65 60 66 6 67 50 68 26 69 19 70 61 71 34 72 28 73 42 74 13 75 22 76 23 77 59 78 61 79 25 80 10 81 56 82 47 83 82 84 52 85 83 86
11 10 0 1 0 2 1 3 2 4 2 5 3 6 1 7 2 8 4 9 0 10
89 88 0 1 0 2 1 3 0 4 2 5 0 6 0 7 1 8 3 9 7 10 0 11 9 12 5 13 3 14 7 15 5 16 6 17 12 18 1 19 17 20 0 21 14 22 6 23 2 24 5 25 9 26 8 27 4 28 8 29 6 30 4 31 26 32 8 33 17 34 0 35 31 36 3 37 5 38 5 39 11 40 34 41 10 42 25 43 7 44 28 45 15 46 27 47 6 48 24 49 11 50 11 51 35 52 51 53 23 54 44 55 9 56 35 57 18 58 8 59 3 60 8 61 21 62 35 63 40 64 11 65 56 66 35 67 57 68 38 69 6 70 14 71 14 72 14 73 69 74 2 75 3 76 14 77 10 78 45 79 12 80 64 81 43 82 57 83 43 84 50 85 23 86 1 87 8 88
34 33 0 1 0 2 1 3 0 4 1 5 0 6 4 7 3 8 4 9 1 10 2 11 5 12 11 13 5 14 1 15 1 16 10 17 2 18 9 19 11 20 3 21 10 22 7 23 19 24 2 25 9 26 6 27 11 28 14 29 20 30 3 31 18 32 13 33
7 6 0 1 0 2 1 3 1 4 3 5 0 6
