100
97 96 0 1 0 2 1 3 1 4 2 5 3 6 3 7 2 8 5 9 0 10 8 11 0 12 2 13 12 14 5 15 3 16 8 17 4 18 4 19 3 20 17 21 3 22 5 23 12 24 8 25 20 26 5 27 3 28 13 29 17 30 25 31 26 32 3 33 17 34 15 35 32 36 20 37 36 38 10 39 37 40 32 41 25 42 2 43 19 44 1 45 16 46 23 47 37 48 20 49 0 50 48 51 46 52 18 53 2 54 8 55 30 56 14 57 43 58 52 59 1 60 17 61 11 62 37 63 6 64 20 65 39 66 11 67 20 68 43 69 22 70 3 71 37 72 50 73 10 74 59 75 66 76 47 77 23 78 24 79 32 80 10 81 65 82 47 83 18 84 64 85 16 86 76 87 68 88 15 89 9 90 63 91 25 92 68 93 37 94 62 95 27 96
26 25 0 1 0 2 0 3 0 4 3 5 4 6 4 7 0 8 0 9 3 10 8 11 4 12 1 13 6 14 13 15 13 16 2 17 16 18 1 19 4 20 13 21 5 22 7 23 15 24 9 25
80 79 0 1 0 2 1 3 1 4 2 5 0 6 3 7 1 8 7 9 7 10 5 11 6 12 11 13 1 14 1 15 14 16 14 17 1 18 0 19 13 20 15 21 15 22 14 23 1 24 3 25 22 26 14 27 5 28 25 29 23 30 14 31 9 32 26 33 3 34 0 35 29 36 17 37 34 38 10 39 16 40 31 41 4 42 19 43 41 44 39 45 35 46 6 47 3 48 12 49 0 50 10 51 28 52 46 53 42 54 52 55 15 56 24 57 39 58 7 59 26 60 37 61 36 62 28 63 60 64 6 65 36 66 46 67 31 68 0 69 10 70 21 71 39 72 45 73 57 74 38 75 42 76 56 77 52 78 36 79
45 44 0 1 0 2 0 3 1 4 0 5 2 6 3 7 1 8 7 9 5 10 0 11 2 12 3 13 10 14 13 15 1 16 8 17 6 18 10 19 9 20 2 21 20 22 6 23 22 24 2 25 14 26 13 27 16 28 3 29 15 30 19 31 1 32 9 33 10 34 23 35 3 36 30 37 25 38 10 39 12 40 23 41 33 42 37 43 22 44
55 54 0 1 0 2 1 3 2 4 1 5 2 6 0 7 5 8 4 9 2 10 4 11 1 12 2 13 2 14 5 15 1 16 12 17 12 18 12 19 12 20 18 21 8 22 14 23 14 24 1 25 23 26 13 27 18 28 20 29 4 30 7 31 28 32 28 33 22 34 1 35 15 36 17 37 18 38 21 39 11 40 32 41 5 42 7 43 26 44 33 45 30 46 14 47 22 48 35 49 27 50 13 51 38 52 7 53 20 54
86 85 0 1 0 2 1 3 0 4 0 5 1 6 1 7 5 8 2 9 6 10 2 11 10 12 4 13 12 14 6 15 8 16 3 17 13 18 9 19 10 20 13 21 18 22 8 23 3 24 2 25 7 26 8 27 2 28 9 29 10 30 20 31 24 32 10 33 29 34 11 35 3 36 8 37 33 38 23 39 7 40 18 41 2 42 2 43 10 44 13 45 29 46 23 47 0 48 9 49 11 50 36 51 27 52 1 53 47 54 35 55 19 56 54 57 46 58 27 59 24 60 12 61 19 62 4 63 20 64 1 65 59 66 52 67 13 68 1 69 43 70 41 71 41 72 0 73 1 74 37 75 67 76 45 77 66 78 60 79 72 80 12 81 60 82 5 83 32 84 43 85
49 48 0 1 0 2 0 3 1 4 3 5 1 6 3 7 3 8 1 9 3 10 8 11 9 12 2 13 10 14 13 15 14 16 1 17 2 18 8 19 6 20 18 21 11 22 11 23 2 24 22 25 8 26 22 27 9 28 11 29 6 30 29 31 4 32 10 33 6 34 16 35 34 36 25 37 3 38 23 39 29 40 23 41 1 42 11 43 23 44 1 45 7 46 35 47 6 48
58 57 0 1 0 2 1 3 2 4 1 5 2 6 2 7 0 8 0 9 4 10 3 11 10 12 1 13 6 14 8 15 12 16 2 17 6 18 8 19 18 20 19 21 19 22 15 23 15 24 4 25 5 26 20 27 19 28 23 29 4 30 7 31 19 32 22 33 5 34 25 35 24 36 30 37 20 38 37 39 29 40 0 41 28 42 23 43 6 44 23 45 26 46 22 47 40 48 42 49 12 50 7 51 23 52 20 53 2 54 14 55 0 56 8 57
87 86 0 1 0 2 1 3 2 4 3 5 1 6 1 7 2 8 6 9 3 10 3 11 6 12 2 13 8 14 2 15 12 16 4 17 5 18 11 19 17 20 10 21 0 22 3 23 6 24 5 25 6 26 11 27 8 28 22 29 15 30 23 31 9 32 11 33 3 34 30 35 1 36 8 37 28 38 13 39 13 40 10 41 25 42 18 43 33 44 13 45 37 46 37 47 11 48 17 49 35 50 13 51 5 52 30 53 0 54 29 55 26 56 49 57 0 58 8 59 19 60 32 61 49 62 44 63 41 64 5 65 32 66 32 67 39 68 52 69 4 70 48 71 44 72 21 73 4 74 30 75 28 76 14 77 71 78 65 79 18 80 50 81 62 82 79 83 76 84 25 85 5 86
44 43 0 1 0 2 1 3 2 4 0 5 3 6 2 7 5 8 4 9 0 10 6 11 9 12 0 13 7 14 9 15 13 16 10 17 10 18 14 19 11 20 0 21 18 22 1 23 6 24 18 25 7 26 20 27 5 28 16 29 22 30 3 31 20 32 5 33 8 34 26 35 16 36 23 37 36 38 0 39 4 40 14 41 31 42 28 43
95 94 0 1 0 2 0 3 1 4 0 5 2 6 0 7 2 8 4 9 3 10 3 11 5 12 10 13 0 14 5 15 13 16 6 17 9 18 16 19 1 20 18 21 10 22 14 23 0 24 12 25 17 26 21 27 15 28 15 29 2 30 2 31 6 32 28 33 3 34 4 35 27 36 21 37 8 38 12 39 30 40 9 41 8 42 20 43 2 44 40 45 37 46 4 47 17 48 29 49 45 50 19 51 30 52 33 53 43 54 31 55 3 56 16 57 37 58 20 59 30 60 16 61 14 62 27 63 25 64 47 65 28 66 11 67 39 68 27 69 33 70 32 71 11 72 58 73 12 74 45 75 15 76 39 77 46 78 72 79 14 80 42 81 30 82 39 83 21 84 39 85 23 86 12 87 38 88 20 89 13 90 65 91 12 92 91 93 35 94
40 39 0 1 0 2 0 3 0 4 3 5 4 6 1 7 4 8 1 9 1 10 3 11 5 12 4 13 5 14 5 15 9 16 9 17 14 18 6 19 18 20 17 21 4 22 9 23 17 24 17 25 4 26 4 27 11 28 5 29 27 30 8 31 17 32 17 33 17 34 18 35 22 36 34 37 22 38 20 39
72 71 0 1 0 2 1 3 2 4 2 5 2 6 4 7 6 8 0 9 3 10 2 11 7 12 6 13 6 14 0 15 12 16 2 17 2 18 10 19 5 20 2 21 20 22 7 23 6 24 0 25 11 26 4 27 11 28 27 29 7 30 4 31 18 32 3 33 4 34 24 35 28 36 17 37 23 38 1 39 32 40 33 41 33 42 28 43 5 44 30 45 40 46 7 47 10 48 31 49 34 50 31 51 42 52 4 53 38 54 37 55 52 56 3 57 38 58 30 59 0 60 28 61 17 62 50 63 33 64 17 65 49 66 39 67 29 68 17 69 3 70 61 71
84 83 0 1 0 2 1 3 2 4 1 5 2 6 5 7 4 8 2 9 2 10 9 11 7 12 9 13 10 14 11 15 3 16 4 17 9 18 12 19 5 20 11 21 4 22 1 23 7 24 7 25 8 26 10 27 1 28 24 29 12 30 17 31 18 32 18 33 11 34 29 35 14 36 11 37 36 38 13 39 31 40 35 41 7 42 20 43 16 44 42 45 25 46 3 47 40 48 4 49 39 50 4 51 44 52 8 53 48 54 21 55 36 56 55 57 30 58 30 59 2 60 51 61 9 62 55 63 25 64 50 65 38 66 36 67 9 68 20 69 65 70 46 71 7 72 50 73 58 74 54 75 27 76 45 77 55 78 72 79 44 80 11 81 42 82 1 83
20 19 0 1 0 2 0 3 2 4 1 5 4 6 3 7 3 8 7 9 5 10 3 11 6 12 3 13 5 14 13 15 12 16 7 17 14 18 6 19
31 30 0 1 0 2 0 3 0 4 0 5 2 6 5 7 0 8 4 9 8 10 5 11 3 12 6 13 9 14 2 15 1 16 2 17 13 18 11 19 14 20 13 21 2 22 10 23 12 24 23 25 20 26 3 27 22 28 22 29 4 30
36 35 0 1 0 2 0 3 1 4 0 5 3 6 2 7 1 8 5 9 4 10 0 11 8 12 4 13 7 14 10 15 9 16 2 17 9 18 5 19 13 20 3 21 1 22 15 23 6 24 9 25 18 26 23 27 3 28 26 29 17 30 10 31 13 32 19 33 6 34 17 35
51 50 0 1 0 2 1 3 1 4 0 5 2 6 2 7 6 8 0 9 2 10 0 11 8 12 4 13 9 14 11 15 3 16 13 17 7 18 5 19 5 20 12 21 0 22 20 23 19 24 13 25 4 26 18 27 19 28 4 29 11 30 24 31 26 32 14 33 32 34 22 35 10 36 16 37 4 38 32 39 8 40 19 41 23 42 15 43 25 44 42 45 15 46 7 47 15 48 29 49 22 50
47 46 0 1 0 2 1 3 2 4 1 5 0 6 3 7 5 8 6 9 8 10 3 11 0 12 7 13 8 14 1 15 7 16 4 17 15 18 13 19 6 20 10 21 9 22 21 23 9 24 6 25 9 26 24 27 24 28 17 29 22 30 22 31 22 32 27 33 21 34 16 35 23 36 29 37 31 38 9 39 28 40 27 41 40 42 27 43 20 44 30 45 19 46
97 96 0 1 0 2 1 3 0 4 1 5 3 6 2 7 0 8 0 9 0 10 2 11 6 12 9 13 0 14 4 15 3 16 12 17 11 18 9 19 10 20 11 21 1 22 13 23 21 24 7 25 10 26 24 27 16 28 11 29 22 30 18 31 0 32 14 33 29 34 30 35 1 36 7 37 0 38 2 39 20 40 30 41 16 42 38 43 4 44 35 45 4 46 15 47 15 48 33 49 21 50 17 51 35 52 35 53 46 54 9 55 43 56 35 57 27 58 5 59 48 60 0 61 40 62 4 63 56 64 29 65 24 66 18 67 8 68 5 69 20 70 45 71 60 72 21 73 67 74 21 75 50 76 69 77 20 78 29 79 62 80 13 81 27 82 57 83 78 84 78 85 52 86 56 87 12 88 63 89 84 90 76 91 41 92 70 93 81 94 72 95 81 96
5 4 0 1 0 2 1 3 2 4
37 36 0 1 0 2 0 3 0 4 2 5 2 6 3 7 5 8 5 9 4 10 4 11 10 12 4 13 3 14 1 15 11 16 3 17 12 18 13 19 8 20 4 21 11 22 11 23 8 24 10 25 4 26 12 27 16 28 8 29 8 30 24 31 28 32 8 33 12 34 11 35 25 36
95 94 0 1 0 2 0 3 0 4 1 5 1 6 2 7 3 8 1 9 2 10 6 11 9 12 2 13 1 14 9 15 10 16 9 17 7 18 11 19 4 20 17 21 4 22 11 23 19 24 10 25 11 26 20 27 6 28 19 29 20 30 8 31 8 32 9 33 4 34 25 35 33 36 20 37 1 38 34 39 18 40 26 41 17 42 29 43 37 44 36 45 2 46 44 47 18 48 18 49 41 50 5 51 39 52 42 53 28 54 43 55 1 56 0 57 44 58 47 59 23 60 39 61 35 62 55 63 37 64 59 65 17 66 35 67 25 68 54 69 3 70 59 71 2 72 58 73 5 74 22 75 4 76 14 77 30 78 23 79 30 80 24 81 30 82 43 83 32 84 82 85 78 86 76 87 36 88 78 89 23 90 44 91 70 92 16 93 26 94
7 6 0 1 0 2 1 3 1 4 2 5 1 6
60 59 0 1 0 2 0 3 2 4 2 5 2 6 4 7 4 8 3 9 2 10 4 11 3 12 11 13 8 14 12 15 2 16 15 17 10 18 13 19 9 20 4 21 16 22 0 23 8 24 13 25 10 26 3 27 20 28 9 29 24 30 26 31 21 32 9 33 13 34 17 35 8 36 4 37 26 38 6 39 6 40 1 41 38 42 7 43 28 44 24 45 3 46 21 47 1 48 26 49 34 50 42 51 11 52 34 53 41 54 43 55 14 56 25 57 8 58 36 59
38 37 0 1 0 2 0 3 0 4 0 5 4 6 5 7 0 8 6 9 2 10 8 11 8 12 10 13 12 14 5 15 6 16 5 17 2 18 16 19 1 20 13 21 8 22 6 23 10 24 7 25 20 26 8 27 17 28 11 29 15 30 0 31 18 32 2 33 31 34 28 35 31 36 12 37
49 48 0 1 0 2 0 3 2 4 0 5 1 6 2 7 4 8 1 9 3 10 2 11 7 12 1 13 9 14 13 15 0 16 5 17 2 18 7 19 14 20 3 21 12 22 5 23 9 24 3 25 4 26 8 27 21 28 19 29 28 30 12 31 18 32 18 33 0 34 29 35 29 36 7 37 31 38 20 39 23 40 12 41 9 42 17 43 3 44 6 45 32 46 5 47 4 48
14 13 0 1 0 2 1 3 1 4 2 5 3 6 1 7 5 8 1 9 4 10 1 11 2 12 2 13
35 34 0 1 0 2 0 3 1 4 2 5 4 6 1 7 6 8 7 9 0 10 2 11 8 12 4 13 11 14 6 15 9 16 11 17 12 18 4 19 12 20 2 21 2 22 16 23 4 24 23 25 16 26 4 27 5 28 0 29 12 30 17 31 22 32 29 33 12 34
59 58 0 1 0 2 0 3 2 4 3 5 0 6 5 7 2 8 4 9 8 10 1 11 0 12 9 13 11 14 1 15 8 16 4 17 7 18 14 19 0 20 15 21 17 22 7 23 11 24 15 25 4 26 14 27 22 28 8 29 13 30 10 31 30 32 7 33 30 34 13 35 9 36 21 37 6 38 11 39 8 40 10 41 4 42 41 43 8 44 37 45 4 46 21 47 38 48 46 49 13 50 0 51 22 52 48 53 6 54 27 55 25 56 31 57 53 58
22 21 0 1 0 2 0 3 0 4 3 5 4 6 1 7 3 8 4 9 1 10 6 11 7 12 6 13 8 14 4 15 1 16 14 17 9 18 8 19 6 20 3 21
38 37 0 1 0 2 1 3 2 4 1 5 1 6 1 7 6 8 2 9 3 10 1 11 7 12 5 13 6 14 1 15 8 16 12 17 12 18 16 19 3 20 2 21 13 22 0 23 10 24 1 25 16 26 13 27 19 28 19 29 2 30 26 31 17 32 25 33 9 34 7 35 29 36 3 37
11 10 0 1 0 2 1 3 2 4 0 5 4 6 2 7 1 8 4 9 2 10
75 74 0 1 0 2 0 3 1 4 3 5 0 6 2 7 5 8 1 9 0 10 4 11 5 12 2 13 4 14 4 15 0 16 9 17 3 18 11 19 3 20 14 21 17 22 15 23 16 24 2 25 9 26 9 27 17 28 10 29 8 30 13 31 19 32 26 33 13 34 19 35 15 36 9 37 1 38 0 39 18 40 8 41 38 42 0 43 20 44 39 45 38 46 7 47 33 48 38 49 9 50 49 51 15 52 18 53 8 54 41 55 4 56 25 57 11 58 28 59 40 60 43 61 41 62 0 63 62 64 22 65 10 66 61 67 42 68 22 69 46 70 1 71 35 72 15 73 42 74
67 66 0 1 0 2 0 3 1 4 1 5 1 6 1 7 5 8 3 9 1 10 1 11 8 12 0 13 0 14 6 15 12 16 3 17 16 18 7 19 9 20 8 21 2 22 10 23 7 24 22 25 18 26 22 27 21 28 0 29 23 30 23 31 3 32 26 33 8 34 7 35 32 36 16 37 9 38 23 39 37 40 18 41 1 42 19 43 12 44 41 45 32 46 6 47 9 48 43 49 17 50 41 51 18 52 42 53 37 54 41 55 48 56 19 57 10 58 15 59 26 60 39 61 36 62 40 63 32 64 16 65 17 66
16 15 0 1 0 2 1 3 2 4 0 5 1 6 3 7 4 8 5 9 0 10 9 11 5 12 5 13 1 14 9 15
78 77 0 1 0 2 0 3 0 4 3 5 2 6 3 7 6 8 4 9 7 10 5 11 7 12 9 13 12 14 0 15 0 16 4 17 3 18 9 19 10 20 17 21 15 22 4 23 4 24 12 25 1 26 11 27 0 28 9 29 14 30 27 31 25 32 6 33 29 34 2 35 27 36 21 37 29 38 11 39 11 40 26 41 13 42 8 43 3 44 5 45 23 46 22 47 46 48 15 49 40 50 8 51 23 52 11 53 44 54 45 55 49 56 48 57 38 58 32 59 18 60 12 61 21 62 0 63 36 64 57 65 44 66 35 67 3 68 13 69 8 70 53 71 15 72 60 73 61 74 67 75 25 76 31 77
78 77 0 1 0 2 0 3 2 4 1 5 3 6 1 7 6 8 4 9 0 10 0 11 5 12 5 13 2 14 11 15 7 16 0 17 4 18 2 19 13 20 5 21 3 22 18 23 1 24 11 25 14 26 12 27 6 28 13 29 1 30 16 31 20 32 9 33 3 34 11 35 16 36 32 37 33 38 31 39 6 40 21 41 12 42 27 43 7 44 38 45 18 46 34 47 9 48 1 49 29 50 24 51 34 52 49 53 31 54 53 55 40 56 51 57 48 58 9 59 39 60 30 61 6 62 25 63 21 64 12 65 22 66 59 67 30 68 3 69 41 70 49 71 38 72 14 73 66 74 31 75 54 76 73 77
97 96 0 1 0 2 0 3 0 4 1 5 4 6 2 7 4 8 2 9 2 10 0 11 0 12 4 13 0 14 0 15 12 16 8 17 10 18 17 19 17 20 3 21 20 22 11 23 19 24 18 25 0 26 20 27 10 28 0 29 4 30 14 31 13 32 30 33 9 34 19 35 31 36 19 37 0 38 1 39 3 40 12 41 22 42 37 43 34 44 26 45 44 46 1 47 35 48 28 49 35 50 22 51 23 52 44 53 51 54 51 55 50 56 21 57 4 58 19 59 18 60 35 61 36 62 7 63 62 64 9 65 49 66 17 67 14 68 62 69 59 70 61 71 28 72 50 73 44 74 18 75 6 76 40 77 39 78 64 79 22 80 44 81 3 82 11 83 24 84 26 85 73 86 19 87 79 88 42 89 39 90 6 91 23 92 55 93 86 94 13 95 83 96
46 45 0 1 0 2 0 3 2 4 0 5 0 6 4 7 4 8 5 9 0 10 5 11 8 12 7 13 12 14 13 15 12 16 6 17 11 18 14 19 13 20 16 21 19 22 13 23 6 24 1 25 8 26 5 27 5 28 21 29 9 30 5 31 2 32 17 33 1 34 20 35 23 36 31 37 12 38 30 39 18 40 35 41 19 42 27 43 26 44 23 45
86 85 0 1 0 2 0 3 1 4 1 5 4 6 5 7 2 8 4 9 7 10 2 11 4 12 1 13 6 14 6 15 0 16 10 17 13 18 5 19 5 20 14 21 4 22 8 23 9 24 5 25 15 26 4 27 20 28 20 29 28 30 19 31 22 32 3 33 31 34 8 35 8 36 30 37 6 38 28 39 7 40 30 41 18 42 11 43 35 44 30 45 15 46 31 47 34 48 9 49 18 50 7 51 15 52 17 53 14 54 19 55 38 56 53 57 48 58 16 59 50 60 29 61 48 62 28 63 23 64 3 65 15 66 24 67 18 68 49 69 17 70 26 71 35 72 59 73 30 74 0 75 64 76 22 77 18 78 60 79 28 80 76 81 10 82 59 83 15 84 40 85
93 92 0 1 0 2 0 3 0 4 0 5 3 6 4 7 4 8 5 9 4 10 9 11 9 12 10 13 7 14 10 15 10 16 3 17 10 18 5 19 18 20 18 21 4 22 10 23 11 24 20 25 13 26 7 27 19 28 1 29 15 30 20 31 14 32 14 33 19 34 13 35 24 36 25 37 24 38 2 39 21 40 4 41 10 42 18 43 11 44 28 45 13 46 43 47 45 48 17 49 21 50 28 51 44 52 14 53 52 54 22 55 41 56 45 57 26 58 36 59 15 60 34 61 44 62 23 63 58 64 17 65 10 66 21 67 44 68 12 69 43 70 28 71 57 72 68 73 6 74 4 75 6 76 34 77 28 78 64 79 39 80 27 81 17 82 36 83 46 84 58 85 0 86 59 87 42 88 72 89 41 90 67 91 66 92
32 31 0 1 0 2 0 3 0 4 3 5 3 6 2 7 5 8 4 9 1 10 6 11 0 12 6 13 11 14 11 15 6 16 13 17 6 18 10 19 13 20 0 21 12 22 6 23 17 24 3 25 10 26 3 27 22 28 14 29 3 30 14 31
62 61 0 1 0 2 0 3 1 4 3 5 1 6 4 7 6 8 0 9 7 10 4 11 3 12 9 13 10 14 1 15 5 16 0 17 9 18 3 19 4 20 7 21 13 22 17 23 0 24 6 25 12 26 5 27 15 28 5 29 19 30 3 31 23 32 31 33 7 34 14 35 7 36 4 37 15 38 35 39 17 40 4 41 11 42 40 43 32 44 39 45 25 46 14 47 12 48 32 49 8 50 2 51 11 52 47 53 5 54 52 55 20 56 52 57 8 58 37 59 29 60 45 61
86 85 0 1 0 2 0 3 0 4 2 5 3 6 2 7 2 8 3 9 7 10 4 11 7 12 10 13 8 14 9 15 10 16 15 17 14 18 4 19 15 20 0 21 0 22 11 23 22 24 21 25 5 26 25 27 20 28 19 29 12 30 19 31 20 32 11 33 32 34 22 35 1 36 2 37 27 38 25 39 6 40 16 41 15 42 13 43 37 44 24 45 23 46 32 47 5 48 6 49 28 50 28 51 0 52 40 53 48 54 41 55 15 56 12 57 31 58 36 59 51 60 37 61 58 62 59 63 11 64 29 65 12 66 47 67 61 68 17 69 21 70 9 71 8 72 39 73 8 74 0 75 15 76 23 77 2 78 52 79 22 80 18 81 49 82 5 83 70 84 49 85
9 8 0 1 0 2 1 3 1 4 2 5 3 6 0 7 3 8
52 51 0 1 0 2 1 3 0 4 3 5 4 6 5 7 2 8 6 9 3 10 8 11 8 12 4 13 4 14 13 15 11 16 8 17 13 18 8 19 8 20 12 21 10 22 1 23 18 24 2 25 9 26 7 27 15 28 2 29 8 30 2 31 26 32 25 33 17 34 12 35 15 36 0 37 23 38 2 39 0 40 27 41 21 42 29 43 24 44 30 45 41 46 25 47 24 48 31 49 45 50 26 51
65 64 0 1 0 2 0 3 0 4 0 5 4 6 3 7 0 8 2 9 1 10 3 11 7 12 1 13 5 14 12 15 7 16 5 17 10 18 11 19 0 20 19 21 9 22 9 23 2 24 7 25 7 26 23 27 19 28 20 29 16 30 1 31 30 32 14 33 8 34 15 35 5 36 34 37 23 38 14 39 19 40 3 41 34 42 26 43 19 44 19 45 8 46 22 47 7 48 22 49 11 50 6 51 1 52 11 53 22 54 35 55 39 56 7 57 41 58 49 59 44 60 10 61 27 62 12 63 31 64
43 42 0 1 0 2 0 3 2 4 2 5 0 6 5 7 4 8 7 9 8 10 4 11 9 12 8 13 9 14 11 15 6 16 5 17 16 18 6 19 10 20 9 21 9 22 15 23 14 24 23 25 18 26 3 27 4 28 19 29 17 30 24 31 12 32 5 33 14 34 7 35 5 36 2 37 15 38 4 39 26 40 5 41 13 42
56 55 0 1 0 2 0 3 1 4 3 5 0 6 2 7 3 8 4 9 8 10 2 11 2 12 11 13 6 14 0 15 4 16 1 17 8 18 16 19 16 20 12 21 7 22 7 23 20 24 21 25 3 26 8 27 23 28 20 29 22 30 29 31 3 32 15 33 29 34 32 35 7 36 6 37 34 38 34 39 37 40 20 41 3 42 40 43 30 44 24 45 34 46 19 47 16 48 25 49 5 50 34 51 8 52 19 53 24 54 9 55
18 17 0 1 0 2 0 3 1 4 3 5 3 6 0 7 0 8 3 9 0 10 0 11 1 12 7 13 10 14 7 15 11 16 1 17
7 6 0 1 0 2 1 3 2 4 3 5 3 6
24 23 0 1 0 2 0 3 0 4 0 5 1 6 5 7 4 8 5 9 2 10 8 11 8 12 10 13 6 14 5 15 8 16 6 17 0 18 1 19 17 20 14 21 9 22 6 23
47 46 0 1 0 2 1 3 0 4 2 5 3 6 2 7 3 8 2 9 2 10 0 11 0 12 3 13 9 14 4 15 4 16 0 17 9 18 16 19 1 20 17 21 2 22 12 23 18 24 22 25 13 26 9 27 17 28 12 29 4 30 6 31 26 32 8 33 12 34 32 35 12 36 8 37 15 38 37 39 26 40 29 41 36 42 21 43 28 44 15 45 6 46
54 53 0 1 0 2 1 3 0 4 1 5 3 6 0 7 4 8 0 9 8 10 1 11 1 12 8 13 6 14 6 15 6 16 7 17 8 18 4 19 12 20 7 21 20 22 9 23 2 24 3 25 8 26 2 27 24 28 10 29 22 30 7 31 15 32 2 33 26 34 30 35 13 36 30 37 5 38 6 39 17 40 14 41 22 42 21 43 19 44 9 45 15 46 2 47 42 48 39 49 9 50 38 51 29 52 34 53
57 56 0 1 0 2 0 3 2 4 2 5 4 6 2 7 4 8 0 9 7 10 1 11 8 12 1 13 10 14 11 15 10 16 7 17 9 18 4 19 11 20 11 21 1 22 11 23 3 24 2 25 1 26 10 27 23 28 12 29 9 30 21 31 24 32 6 33 17 34 29 35 25 36 14 37 26 38 18 39 28 40 5 41 18 42 8 43 2 44 2 45 5 46 12 47 26 48 27 49 24 50 10 51 33 52 4 53 49 54 41 55 10 56
29 28 0 1 0 2 1 3 2 4 0 5 0 6 3 7 5 8 2 9 4 10 8 11 10 12 7 13 12 14 11 15 4 16 13 17 5 18 2 19 10 20 19 21 18 22 1 23 13 24 3 25 16 26 12 27 16 28
68 67 0 1 0 2 1 3 0 4 3 5 3 6 0 7 3 8 0 9 1 10 1 11 2 12 10 13 4 14 7 15 9 16 0 17 10 18 3 19 5 20 1 21 9 22 13 23 3 24 10 25 12 26 12 27 8 28 12 29 14 30 3 31 11 32 28 33 25 34 11 35 0 36 8 37 20 38 16 39 19 40 39 41 8 42 38 43 16 44 4 45 29 46 34 47 4 48 9 49 13 50 34 51 16 52 14 53 51 54 0 55 31 56 4 57 32 58 1 59 37 60 30 61 45 62 51 63 34 64 13 65 31 66 54 67
80 79 0 1 0 2 1 3 0 4 2 5 3 6 4 7 2 8 6 9 3 10 9 11 4 12 0 13 8 14 11 15 12 16 1 17 14 18 16 19 0 20 16 21 10 22 21 23 16 24 21 25 21 26 6 27 16 28 25 29 28 30 8 31 13 32 24 33 23 34 33 35 17 36 29 37 31 38 4 39 8 40 17 41 20 42 40 43 30 44 11 45 37 46 31 47 42 48 29 49 33 50 47 51 24 52 15 53 4 54 19 55 28 56 48 57 27 58 21 59 15 60 42 61 51 62 35 63 24 64 44 65 43 66 41 67 27 68 42 69 61 70 4 71 55 72 55 73 0 74 9 75 34 76 51 77 33 78 4 79
20 19 0 1 0 2 0 3 2 4 3 5 1 6 1 7 0 8 4 9 7 10 2 11 3 12 6 13 8 14 13 15 14 16 14 17 15 18 11 19
80 79 0 1 0 2 1 3 1 4 2 5 1 6 1 7 3 8 0 9 7 10 5 11 6 12 10 13 2 14 6 15 14 16 3 17 8 18 7 19 1 20 10 21 13 22 19 23 20 24 15 25 11 26 17 27 7 28 8 29 9 30 8 31 15 32 13 33 10 34 27 35 2 36 12 37 22 38 5 39 32 40 23 41 38 42 34 43 40 44 37 45 6 46 21 47 34 48 6 49 17 50 38 51 30 52 33 53 50 54 1 55 20 56 40 57 29 58 4 59 53 60 42 61 36 62 49 63 40 64 27 65 33 66 2 67 29 68 34 69 42 70 17 71 42 72 71 73 67 74 25 75 13 76 24 77 5 78 30 79
19 18 0 1 0 2 0 3 2 4 2 5 4 6 4 7 2 8 6 9 3 10 6 11 5 12 8 13 9 14 5 15 9 16 9 17 9 18
59 58 0 1 0 2 1 3 1 4 0 5 3 6 3 7 0 8 5 9 0 10 1 11 1 12 8 13 0 14 6 15 6 16 3 17 14 18 14 19 15 20 2 21 18 22 2 23 10 24 18 25 23 26 0 27 15 28 3 29 27 30 4 31 2 32 12 33 11 34 9 35 23 36 18 37 22 38 5 39 17 40 23 41 13 42 5 43 16 44 20 45 20 46 33 47 39 48 43 49 3 50 25 51 19 52 46 53 18 54 35 55 2 56 30 57 37 58
22 21 0 1 0 2 0 3 0 4 0 5 1 6 2 7 6 8 4 9 1 10 2 11 8 12 11 13 2 14 11 15 4 16 11 17 7 18 5 19 0 20 12 21
35 34 0 1 0 2 0 3 2 4 3 5 3 6 0 7 2 8 4 9 8 10 7 11 6 12 2 13 10 14 1 15 0 16 7 17 8 18 10 19 11 20 4 21 11 22 8 23 9 24 6 25 14 26 6 27 20 28 17 29 23 30 3 31 11 32 23 33 16 34
10 9 0 1 0 2 1 3 2 4 1 5 2 6 1 7 1 8 0 9
19 18 0 1 0 2 1 3 1 4 3 5 1 6 0 7 3 8 2 9 8 10 3 11 0 12 5 13 2 14 0 15 6 16 3 17 10 18
85 84 0 1 0 2 1 3 2 4 3 5 0 6 2 7 4 8 2 9 6 10 0 11 2 12 4 13 2 14 9 15 12 16 7 17 13 18 8 19 9 20 13 21 8 22 1 23 2 24 3 25 21 26 23 27 4 28 13 29 9 30 9 31 23 32 19 33 4 34 20 35 0 36 20 37 21 38 20 39 7 40 32 41 10 42 15 43 21 44 8 45 15 46 7 47 40 48 21 49 44 50 35 51 15 52 30 53 47 54 51 55 7 56 52 57 50 58 11 59 18 60 13 61 47 62 24 63 4 64 29 65 15 66 44 67 1 68 30 69 29 70 27 71 47 72 56 73 70 74 23 75 2 76 65 77 63 78 54 79 47 80 47 81 65 82 24 83 34 84
74 73 0 1 0 2 1 3 0 4 2 5 3 6 0 7 0 8 1 9 4 10 3 11 6 12 2 13 10 14 1 15 6 16 14 17 0 18 11 19 1 20 8 21 15 22 16 23 3 24 8 25 14 26 1 27 4 28 11 29 9 30 11 31 6 32 4 33 21 34 32 35 31 36 21 37 18 38 9 39 14 40 6 41 5 42 17 43 31 44 9 45 39 46 26 47 20 48 33 49 26 50 7 51 32 52 40 53 30 54 45 55 48 56 31 57 39 58 36 59 40 60 7 61 57 62 44 63 9 64 2 65 31 66 51 67 17 68 24 69 27 70 69 71 30 72 45 73
83 82 0 1 0 2 1 3 1 4 0 5 2 6 3 7 0 8 1 9 2 10 7 11 7 12 0 13 12 14 13 15 13 16 10 17 1 18 3 19 12 20 13 21 15 22 12 23 10 24 8 25 19 26 2 27 23 28 11 29 11 30 3 31 2 32 22 33 20 34 29 35 26 36 29 37 33 38 32 39 13 40 1 41 16 42 15 43 10 44 8 45 16 46 35 47 43 48 14 49 28 50 21 51 5 52 7 53 49 54 41 55 33 56 20 57 15 58 41 59 35 60 22 61 53 62 31 63 52 64 25 65 20 66 47 67 32 68 58 69 29 70 49 71 21 72 59 73 59 74 3 75 32 76 14 77 66 78 36 79 21 80 22 81 11 82
36 35 0 1 0 2 1 3 1 4 2 5 1 6 1 7 1 8 2 9 2 10 0 11 9 12 11 13 8 14 8 15 1 16 12 17 3 18 9 19 3 20 4 21 15 22 4 23 2 24 6 25 0 26 11 27 4 28 15 29 12 30 27 31 6 32 16 33 12 34 7 35
63 62 0 1 0 2 1 3 0 4 2 5 2 6 5 7 6 8 2 9 1 10 6 11 7 12 2 13 9 14 10 15 11 16 9 17 0 18 12 19 8 20 10 21 2 22 6 23 11 24 20 25 1 26 7 27 13 28 13 29 20 30 3 31 14 32 31 33 17 34 16 35 5 36 10 37 29 38 5 39 35 40 36 41 4 42 10 43 12 44 38 45 23 46 10 47 5 48 42 49 29 50 19 51 18 52 19 53 50 54 5 55 36 56 41 57 40 58 39 59 41 60 11 61 19 62
90 89 0 1 0 2 0 3 0 4 2 5 3 6 5 7 1 8 0 9 8 10 9 11 4 12 10 13 8 14 4 15 14 16 2 17 15 18 10 19 11 20 15 21 12 22 0 23 7 24 18 25 24 26 6 27 6 28 8 29 6 30 19 31 17 32 10 33 31 34 0 35 31 36 11 37 30 38 22 39 2 40 32 41 32 42 29 43 9 44 15 45 28 46 23 47 45 48 5 49 8 50 14 51 4 52 26 53 52 54 41 55 52 56 21 57 54 58 2 59 58 60 51 61 28 62 35 63 12 64 4 65 45 66 0 67 55 68 13 69 36 70 14 71 19 72 31 73 57 74 20 75 12 76 30 77 4 78 65 79 22 80 23 81 49 82 48 83 36 84 14 85 66 86 6 87 36 88 21 89
16 15 0 1 0 2 1 3 1 4 0 5 2 6 5 7 5 8 2 9 6 10 1 11 6 12 6 13 6 14 3 15
26 25 0 1 0 2 0 3 0 4 0 5 1 6 3 7 3 8 1 9 8 10 7 11 7 12 9 13 10 14 6 15 14 16 15 17 11 18 3 19 4 20 17 21 8 22 10 23 18 24 5 25
64 63 0 1 0 2 0 3 0 4 2 5 0 6 5 7 2 8 2 9 0 10 2 11 5 12 6 13 8 14 4 15 12 16 0 17 13 18 10 19 2 20 15 21 9 22 10 23 3 24 10 25 22 26 2 27 8 28 9 29 13 30 6 31 21 32 10 33 6 34 3 35 4 36 1 37 36 38 5 39 30 40 9 41 40 42 29 43 4 44 32 45 39 46 35 47 44 48 44 49 4 50 11 51 12 52 1 53 52 54 10 55 46 56 43 57 4 58 19 59 29 60 27 61 57 62 55 63
75 74 0 1 0 2 0 3 2 4 2 5 4 6 1 7 6 8 2 9 5 10 9 11 4 12 0 13 8 14 2 15 14 16 1 17 0 18 11 19 11 20 3 21 9 22 19 23 2 24 13 25 6 26 9 27 11 28 11 29 8 30 19 31 22 32 5 33 9 34 24 35 8 36 24 37 26 38 1 39 35 40 7 41 0 42 3 43 5 44 26 45 4 46 8 47 29 48 33 49 14 50 36 51 25 52 3 53 3 54 40 55 43 56 52 57 21 58 5 59 49 60 44 61 46 62 46 63 56 64 25 65 32 66 14 67 25 68 15 69 54 70 67 71 62 72 50 73 31 74
17 16 0 1 0 2 0 3 1 4 0 5 0 6 5 7 1 8 3 9 0 10 5 11 3 12 3 13 8 14 11 15 12 16
88 87 0 1 0 2 1 3 1 4 0 5 3 6 1 7 2 8 4 9 5 10 9 11 8 12 1 13 9 14 3 15 11 16 14 17 15 18 7 19 4 20 4 21 15 22 13 23 21 24 8 25 24 26 16 27 10 28 11 29 16 30 16 31 24 32 4 33 31 34 18 35 33 36 15 37 24 38 27 39 38 40 4 41 19 42 41 43 15 44 16 45 0 46 9 47 22 48 40 49 28 50 27 51 30 52 32 53 44 54 44 55 11 56 47 57 51 58 10 59 50 60 13 61 31 62 40 63 24 64 18 65 27 66 19 67 26 68 67 69 39 70 17 71 59 72 60 73 2 74 49 75 16 76 60 77 72 78 10 79 48 80 63 81 11 82 68 83 80 84 8 85 45 86 39 87
68 67 0 1 0 2 0 3 2 4 0 5 1 6 4 7 2 8 4 9 3 10 4 11 6 12 4 13 4 14 12 15 10 16 0 17 4 18 3 19 15 20 13 21 15 22 19 23 17 24 14 25 17 26 10 27 23 28 17 29 11 30 26 31 4 32 16 33 0 34 23 35 28 36 11 37 31 38 9 39 5 40 33 41 35 42 22 43 23 44 31 45 27 46 33 47 38 48 8 49 13 50 14 51 2 52 38 53 51 54 49 55 15 56 2 57 49 58 33 59 58 60 20 61 38 62 18 63 30 64 62 65 40 66 11 67
49 48 0 1 0 2 0 3 2 4 2 5 0 6 3 7 0 8 0 9 2 10 8 11 0 12 2 13 2 14 11 15 13 16 2 17 2 18 2 19 8 20 6 21 10 22 20 23 16 24 13 25 15 26 0 27 20 28 17 29 10 30 21 31 11 32 21 33 9 34 33 35 19 36 7 37 7 38 8 39 4 40 18 41 4 42 6 43 23 44 36 45 6 46 11 47 22 48
40 39 0 1 0 2 1 3 2 4 2 5 4 6 5 7 1 8 6 9 2 10 1 11 9 12 6 13 10 14 2 15 6 16 13 17 2 18 11 19 7 20 11 21 6 22 8 23 10 24 2 25 9 26 12 27 8 28 27 29 21 30 3 31 23 32 30 33 5 34 28 35 27 36 16 37 17 38 24 39
63 62 0 1 0 2 1 3 0 4 3 5 2 6 4 7 2 8 2 9 3 10 7 11 10 12 0 13 9 14 9 15 13 16 3 17 0 18 2 19 7 20 10 21 19 22 20 23 20 24 7 25 18 26 16 27 8 28 8 29 24 30 3 31 6 32 6 33 22 34 10 35 0 36 31 37 20 38 4 39 3 40 4 41 27 42 27 43 42 44 4 45 28 46 36 47 11 48 9 49 35 50 9 51 24 52 30 53 47 54 23 55 29 56 20 57 55 58 13 59 0 60 42 61 1 62
57 56 0 1 0 2 0 3 2 4 1 5 0 6 0 7 5 8 0 9 6 10 6 11 5 12 3 13 6 14 5 15 13 16 3 17 0 18 6 19 5 20 19 21 4 22 1 23 13 24 20 25 6 26 4 27 23 28 7 29 23 30 2 31 8 32 28 33 29 34 30 35 1 36 19 37 1 38 33 39 21 40 33 41 30 42 29 43 8 44 28 45 23 46 30 47 30 48 3 49 14 50 15 51 41 52 2 53 49 54 43 55 50 56
55 54 0 1 0 2 1 3 0 4 0 5 4 6 3 7 3 8 7 9 1 10 8 11 1 12 1 13 3 14 11 15 7 16 8 17 16 18 8 19 5 20 16 21 14 22 2 23 15 24 20 25 22 26 24 27 17 28 10 29 28 30 2 31 17 32 18 33 2 34 9 35 12 36 26 37 35 38 3 39 32 40 21 41 11 42 23 43 41 44 1 45 24 46 10 47 12 48 21 49 47 50 19 51 1 52 33 53 51 54
50 49 0 1 0 2 0 3 2 4 2 5 1 6 5 7 3 8 7 9 5 10 3 11 4 12 3 13 10 14 12 15 5 16 10 17 8 18 14 19 1 20 18 21 0 22 19 23 17 24 16 25 7 26 1 27 5 28 7 29 1 30 27 31 8 32 27 33 4 34 26 35 27 36 32 37 19 38 7 39 8 40 26 41 24 42 2 43 35 44 9 45 34 46 22 47 24 48 23 49
35 34 0 1 0 2 1 3 2 4 0 5 1 6 3 7 6 8 3 9 0 10 3 11 4 12 0 13 8 14 10 15 4 16 4 17 15 18 13 19 8 20 15 21 8 22 11 23 8 24 12 25 0 26 17 27 15 28 23 29 6 30 14 31 21 32 4 33 15 34
79 78 0 1 0 2 0 3 2 4 1 5 1 6 4 7 1 8 2 9 3 10 1 11 4 12 10 13 8 14 2 15 1 16 10 17 13 18 9 19 2 20 0 21 10 22 5 23 11 24 17 25 22 26 4 27 4 28 8 29 22 30 9 31 24 32 21 33 31 34 26 35 17 36 11 37 20 38 12 39 6 40 34 41 30 42 27 43 5 44 41 45 42 46 13 47 7 48 38 49 0 50 9 51 5 52 31 53 24 54 26 55 19 56 39 57 0 58 19 59 35 60 58 61 56 62 20 63 30 64 40 65 27 66 58 67 54 68 39 69 51 70 69 71 16 72 27 73 65 74 29 75 65 76 46 77 24 78
44 43 0 1 0 2 1 3 0 4 0 5 0 6 4 7 6 8 4 9 7 10 0 11 0 12 10 13 2 14 4 15 6 16 5 17 12 18 7 19 5 20 5 21 19 22 16 23 2 24 7 25 14 26 12 27 9 28 7 29 9 30 7 31 26 32 13 33 14 34 5 35 0 36 3 37 36 38 10 39 9 40 4 41 36 42 19 43
66 65 0 1 0 2 0 3 2 4 2 5 4 6 4 7 6 8 7 9 2 10 6 11 10 12 10 13 0 14 3 15 0 16 13 17 11 18 0 19 18 20 14 21 18 22 5 23 17 24 23 25 4 26 24 27 2 28 18 29 25 30 25 31 5 32 7 33 29 34 28 35 16 36 29 37 26 38 19 39 27 40 17 41 31 42 36 43 41 44 39 45 23 46 41 47 6 48 26 49 15 50 21 51 40 52 47 53 25 54 18 55 24 56 24 57 22 58 7 59 38 60 24 61 23 62 28 63 34 64 30 65
26 25 0 1 0 2 0 3 2 4 3 5 1 6 4 7 3 8 3 9 6 10 8 11 0 12 6 13 0 14 8 15 3 16 13 17 7 18 6 19 1 20 9 21 11 22 2 23 0 24 18 25
20 19 0 1 0 2 1 3 1 4 1 5 2 6 4 7 0 8 3 9 8 10 6 11 9 12 10 13 7 14 6 15 10 16 1 17 8 18 2 19
78 77 0 1 0 2 0 3 2 4 2 5 0 6 3 7 1 8 5 9 2 10 9 11 8 12 3 13 2 14 12 15 4 16 12 17 2 18 5 19 10 20 12 21 18 22 5 23 7 24 4 25 17 26 9 27 16 28 19 29 18 30 16 31 3 32 6 33 21 34 7 35 26 36 8 37 2 38 20 39 23 40 32 41 36 42 24 43 39 44 18 45 31 46 5 47 39 48 1 49 14 50 17 51 42 52 45 53 19 54 3 55 0 56 31 57 50 58 20 59 55 60 3 61 0 62 16 63 6 64 54 65 12 66 50 67 26 68 41 69 49 70 29 71 48 72 49 73 56 74 45 75 69 76 28 77
21 20 0 1 0 2 0 3 0 4 1 5 3 6 2 7 2 8 7 9 8 10 2 11 10 12 1 13 7 14 2 15 3 16 2 17 6 18 5 19 6 20
20 19 0 1 0 2 1 3 0 4 0 5 1 6 0 7 1 8 0 9 1 10 8 11 0 12 6 13 0 14 4 15 9 16 3 17 8 18 14 19
1 0
80 79 0 1 0 2 1 3 2 4 3 5 3 6 3 7 4 8 3 9 7 10 9 11 9 12 9 13 1 14 12 15 10 16 10 17 12 18 8 19 7 20 10 21 7 22 1 23 3 24 11 25 1 26 25 27 7 28 12 29 19 30 16 31 9 32 19 33 24 34 0 35 0 36 28 37 9 38 33 39 36 40 4 41 10 42 41 43 6 44 13 45 7 46 10 47 11 48 24 49 23 50 45 51 18 52 47 53 39 54 14 55 21 56 36 57 11 58 11 59 1 60 9 61 9 62 23 63 42 64 14 65 42 66 18 67 5 68 42 69 24 70 29 71 5 72 71 73 3 74 59 75 42 76 5 77 60 78 34 79
1 0
4 3 0 1 0 2 0 3
9 8 0 1 0 2 1 3 1 4 0 5 2 6 5 7 4 8
