100
26 25 0 1 0 2 1 3 1 4 2 5 4 6 2 7 2 8 5 9 6 10 1 11 7 12 2 13 2 14 4 15 10 16 7 17 9 18 7 19 4 20 14 21 4 22 2 23 1 24 10 25
62 61 0 1 0 2 0 3 2 4 0 5 0 6 1 7 0 8 7 9 8 10 3 11 10 12 11 13 0 14 4 15 6 16 7 17 4 18 8 19 18 20 2 21 16 22 9 23 2 24 18 25 3 26 10 27 1 28 6 29 2 30 21 31 24 32 21 33 15 34 19 35 1 36 7 37 33 38 21 39 38 40 22 41 16 42 24 43 4 44 23 45 11 46 43 47 22 48 40 49 10 50 27 51 15 52 37 53 10 54 20 55 24 56 37 57 52 58 4 59 30 60 6 61
58 57 0 1 0 2 0 3 1 4 3 5 3 6 1 7 4 8 3 9 7 10 7 11 7 12 5 13 12 14 6 15 2 16 6 17 14 18 9 19 6 20 1 21 11 22 20 23 8 24 11 25 13 26 4 27 3 28 23 29 6 30 1 31 0 32 23 33 12 34 3 35 12 36 13 37 5 38 11 39 33 40 20 41 25 42 31 43 29 44 28 45 2 46 3 47 39 48 7 49 25 50 31 51 16 52 34 53 18 54 24 55 26 56 30 57
21 20 0 1 0 2 0 3 1 4 3 5 3 6 1 7 4 8 4 9 1 10 2 11 3 12 0 13 7 14 10 15 8 16 6 17 6 18 0 19 12 20
86 85 0 1 0 2 1 3 1 4 1 5 3 6 5 7 0 8 5 9 7 10 5 11 0 12 11 13 2 14 9 15 10 16 7 17 4 18 6 19 15 20 14 21 3 22 11 23 15 24 5 25 17 26 23 27 5 28 2 29 12 30 26 31 12 32 4 33 9 34 1 35 28 36 22 37 4 38 0 39 26 40 34 41 38 42 39 43 18 44 6 45 0 46 12 47 0 48 23 49 4 50 40 51 31 52 2 53 35 54 43 55 24 56 28 57 54 58 54 59 47 60 3 61 43 62 48 63 4 64 50 65 4 66 7 67 19 68 13 69 44 70 2 71 26 72 31 73 67 74 10 75 21 76 72 77 29 78 40 79 48 80 1 81 9 82 30 83 46 84 23 85
3 2 0 1 0 2
51 50 0 1 0 2 1 3 0 4 0 5 4 6 3 7 0 8 4 9 3 10 1 11 4 12 1 13 10 14 10 15 6 16 14 17 10 18 6 19 7 20 2 21 6 22 16 23 8 24 22 25 11 26 9 27 8 28 4 29 5 30 10 31 25 32 4 33 1 34 5 35 29 36 12 37 10 38 14 39 19 40 3 41 39 42 23 43 42 44 17 45 21 46 6 47 36 48 25 49 6 50
27 26 0 1 0 2 0 3 0 4 2 5 3 6 4 7 4 8 2 9 1 10 6 11 8 12 11 13 10 14 1 15 8 16 8 17 5 18 1 19 4 20 14 21 8 22 7 23 11 24 14 25 23 26
39 38 0 1 0 2 0 3 2 4 1 5 4 6 1 7 5 8 6 9 1 10 7 11 5 12 7 13 11 14 6 15 13 16 10 17 1 18 1 19 14 20 16 21 18 22 9 23 2 24 9 25 22 26 14 27 15 28 18 29 4 30 4 31 21 32 11 33 3 34 5 35 19 36 25 37 10 38
93 92 0 1 0 2 1 3 2 4 0 5 3 6 5 7 0 8 6 9 7 10 2 11 8 12 9 13 11 14 11 15 3 16 4 17 16 18 3 19 5 20 4 21 16 22 18 23 20 24 11 25 16 26 11 27 19 28 18 29 19 30 2 31 11 32 0 33 21 34 26 35 1 36 29 37 0 38 12 39 15 40 20 41 1 42 1 43 17 44 16 45 3 46 15 47 13 48 23 49 44 50 28 51 36 52 18 53 12 54 51 55 52 56 6 57 44 58 14 59 20 60 14 61 20 62 1 63 14 64 47 65 52 66 33 67 56 68 26 69 11 70 47 71 27 72 50 73 14 74 52 75 56 76 37 77 68 78 63 79 71 80 25 81 38 82 63 83 26 84 74 85 54 86 41 87 4 88 81 89 38 90 21 91 25 92
59 58 0 1 0 2 0 3 0 4 0 5 4 6 3 7 6 8 2 9 0 10 1 11 9 12 8 13 5 14 1 15 1 16 13 17 8 18 6 19 12 20 9 21 14 22 20 23 1 24 2 25 8 26 0 27 22 28 17 29 10 30 27 31 9 32 27 33 23 34 24 35 33 36 19 37 14 38 6 39 4 40 28 41 6 42 9 43 31 44 2 45 18 46 24 47 12 48 40 49 18 50 5 51 0 52 13 53 44 54 6 55 23 56 14 57 32 58
18 17 0 1 0 2 1 3 0 4 2 5 1 6 4 7 3 8 7 9 6 10 0 11 3 12 8 13 10 14 1 15 9 16 14 17
5 4 0 1 0 2 1 3 1 4
90 89 0 1 0 2 0 3 0 4 3 5 2 6 5 7 0 8 0 9 0 10 3 11 0 12 3 13 9 14 7 15 8 16 3 17 14 18 1 19 13 20 14 21 5 22 7 23 13 24 6 25 21 26 17 27 0 28 18 29 9 30 26 31 16 32 21 33 31 34 10 35 0 36 26 37 29 38 3 39 0 40 7 41 31 42 3 43 2 44 22 45 13 46 40 47 37 48 39 49 22 50 2 51 41 52 50 53 18 54 38 55 20 56 28 57 6 58 43 59 33 60 52 61 40 62 36 63 5 64 26 65 4 66 25 67 36 68 16 69 20 70 24 71 39 72 32 73 52 74 37 75 32 76 49 77 66 78 11 79 44 80 32 81 36 82 34 83 30 84 52 85 12 86 47 87 1 88 64 89
81 80 0 1 0 2 1 3 1 4 3 5 2 6 4 7 0 8 7 9 1 10 0 11 2 12 9 13 6 14 4 15 8 16 6 17 16 18 4 19 12 20 19 21 8 22 9 23 11 24 6 25 19 26 23 27 12 28 26 29 17 30 22 31 3 32 7 33 30 34 13 35 11 36 29 37 33 38 22 39 5 40 12 41 6 42 10 43 28 44 4 45 13 46 31 47 42 48 18 49 1 50 19 51 47 52 29 53 14 54 24 55 49 56 15 57 45 58 23 59 56 60 1 61 19 62 38 63 40 64 17 65 22 66 59 67 35 68 51 69 49 70 15 71 59 72 52 73 14 74 11 75 64 76 53 77 45 78 45 79 58 80
34 33 0 1 0 2 0 3 0 4 0 5 1 6 5 7 5 8 4 9 0 10 3 11 0 12 4 13 9 14 1 15 8 16 14 17 11 18 15 19 10 20 7 21 18 22 17 23 3 24 2 25 16 26 21 27 12 28 13 29 14 30 14 31 28 32 28 33
30 29 0 1 0 2 0 3 2 4 0 5 3 6 5 7 3 8 3 9 3 10 2 11 0 12 3 13 11 14 1 15 11 16 0 17 2 18 15 19 13 20 8 21 18 22 13 23 9 24 3 25 1 26 17 27 20 28 25 29
31 30 0 1 0 2 0 3 1 4 0 5 2 6 3 7 2 8 4 9 3 10 6 11 0 12 1 13 9 14 4 15 5 16 8 17 16 18 2 19 15 20 16 21 13 22 17 23 13 24 5 25 16 26 25 27 17 28 5 29 6 30
57 56 0 1 0 2 1 3 1 4 1 5 0 6 3 7 5 8 2 9 1 10 4 11 4 12 0 13 5 14 9 15 1 16 2 17 0 18 0 19 11 20 4 21 18 22 2 23 12 24 11 25 0 26 24 27 12 28 11 29 1 30 0 31 10 32 31 33 5 34 28 35 0 36 2 37 13 38 1 39 35 40 39 41 18 42 4 43 28 44 36 45 6 46 40 47 42 48 18 49 48 50 16 51 4 52 49 53 47 54 9 55 6 56
87 86 0 1 0 2 0 3 2 4 1 5 0 6 0 7 2 8 4 9 4 10 8 11 7 12 3 13 11 14 2 15 3 16 11 17 1 18 4 19 16 20 10 21 12 22 9 23 3 24 16 25 14 26 15 27 2 28 0 29 24 30 11 31 29 32 14 33 24 34 24 35 18 36 1 37 34 38 10 39 2 40 8 41 2 42 26 43 37 44 37 45 6 46 9 47 15 48 4 49 40 50 3 51 23 52 44 53 41 54 52 55 17 56 54 57 5 58 13 59 26 60 29 61 45 62 21 63 42 64 44 65 46 66 23 67 32 68 22 69 16 70 33 71 6 72 34 73 67 74 58 75 24 76 32 77 76 78 15 79 60 80 15 81 6 82 22 83 9 84 2 85 5 86
93 92 0 1 0 2 1 3 2 4 1 5 4 6 5 7 0 8 0 9 2 10 1 11 7 12 2 13 10 14 12 15 10 16 1 17 15 18 8 19 14 20 15 21 5 22 10 23 10 24 22 25 8 26 2 27 12 28 16 29 14 30 18 31 14 32 23 33 15 34 1 35 12 36 25 37 32 38 2 39 9 40 27 41 2 42 16 43 24 44 39 45 33 46 29 47 33 48 39 49 36 50 19 51 50 52 50 53 6 54 42 55 37 56 32 57 53 58 50 59 36 60 2 61 30 62 33 63 29 64 38 65 50 66 23 67 36 68 67 69 38 70 42 71 16 72 34 73 15 74 66 75 55 76 73 77 49 78 28 79 42 80 17 81 14 82 80 83 19 84 4 85 10 86 77 87 52 88 63 89 17 90 48 91 72 92
36 35 0 1 0 2 1 3 2 4 3 5 3 6 5 7 6 8 6 9 4 10 2 11 6 12 8 13 6 14 13 15 4 16 11 17 12 18 7 19 3 20 11 21 20 22 6 23 4 24 21 25 1 26 23 27 21 28 27 29 7 30 14 31 26 32 15 33 32 34 9 35
71 70 0 1 0 2 0 3 2 4 1 5 1 6 1 7 5 8 4 9 5 10 2 11 0 12 9 13 1 14 8 15 0 16 2 17 6 18 13 19 6 20 18 21 20 22 6 23 20 24 22 25 2 26 23 27 4 28 23 29 10 30 16 31 23 32 9 33 16 34 22 35 18 36 10 37 19 38 6 39 27 40 38 41 6 42 17 43 34 44 11 45 40 46 3 47 2 48 38 49 37 50 6 51 15 52 12 53 48 54 52 55 34 56 0 57 24 58 45 59 22 60 36 61 9 62 47 63 23 64 62 65 2 66 11 67 6 68 67 69 66 70
31 30 0 1 0 2 0 3 0 4 3 5 2 6 3 7 5 8 1 9 1 10 7 11 3 12 2 13 2 14 2 15 3 16 11 17 0 18 6 19 2 20 9 21 6 22 3 23 10 24 8 25 20 26 10 27 26 28 15 29 26 30
57 56 0 1 0 2 0 3 2 4 1 5 2 6 3 7 6 8 4 9 3 10 0 11 4 12 1 13 0 14 7 15 14 16 6 17 3 18 9 19 9 20 12 21 18 22 13 23 21 24 20 25 21 26 9 27 10 28 21 29 0 30 27 31 19 32 12 33 20 34 22 35 3 36 10 37 0 38 14 39 8 40 22 41 23 42 33 43 26 44 1 45 13 46 8 47 9 48 41 49 3 50 7 51 47 52 41 53 26 54 14 55 9 56
60 59 0 1 0 2 1 3 2 4 3 5 3 6 4 7 5 8 0 9 5 10 8 11 8 12 8 13 9 14 0 15 14 16 3 17 9 18 0 19 10 20 7 21 5 22 16 23 14 24 10 25 19 26 14 27 24 28 22 29 8 30 17 31 20 32 7 33 10 34 11 35 29 36 24 37 30 38 13 39 5 40 10 41 13 42 22 43 27 44 3 45 37 46 18 47 0 48 19 49 44 50 22 51 14 52 35 53 21 54 5 55 44 56 38 57 20 58 30 59
71 70 0 1 0 2 1 3 1 4 2 5 3 6 1 7 3 8 1 9 2 10 0 11 9 12 5 13 7 14 4 15 5 16 5 17 4 18 7 19 13 20 15 21 11 22 16 23 19 24 7 25 18 26 21 27 15 28 15 29 22 30 1 31 23 32 19 33 21 34 33 35 32 36 6 37 4 38 36 39 30 40 11 41 1 42 27 43 13 44 19 45 11 46 43 47 43 48 12 49 29 50 10 51 37 52 39 53 38 54 37 55 26 56 51 57 16 58 46 59 22 60 28 61 60 62 25 63 46 64 44 65 30 66 53 67 63 68 21 69 19 70
88 87 0 1 0 2 1 3 0 4 3 5 4 6 4 7 5 8 4 9 1 10 6 11 2 12 2 13 1 14 0 15 0 16 4 17 11 18 9 19 4 20 3 21 3 22 9 23 3 24 4 25 14 26 21 27 25 28 16 29 20 30 6 31 20 32 1 33 32 34 15 35 25 36 10 37 14 38 12 39 5 40 27 41 9 42 24 43 17 44 32 45 37 46 34 47 9 48 27 49 37 50 17 51 11 52 11 53 30 54 38 55 34 56 19 57 30 58 31 59 23 60 39 61 32 62 2 63 49 64 43 65 32 66 26 67 61 68 20 69 67 70 29 71 11 72 33 73 67 74 48 75 6 76 53 77 14 78 67 79 57 80 31 81 68 82 13 83 48 84 73 85 75 86 41 87
80 79 0 1 0 2 0 3 1 4 1 5 4 6 0 7 3 8 6 9 7 10 5 11 9 12 7 13 10 14 0 15 6 16 10 17 15 18 16 19 14 20 18 21 20 22 20 23 10 24 12 25 23 26 5 27 17 28 20 29 0 30 18 31 7 32 2 33 2 34 29 35 25 36 24 37 10 38 5 39 22 40 13 41 9 42 39 43 35 44 33 45 21 46 21 47 8 48 41 49 47 50 14 51 15 52 19 53 6 54 40 55 26 56 27 57 33 58 18 59 32 60 8 61 8 62 35 63 18 64 51 65 34 66 25 67 13 68 64 69 67 70 42 71 12 72 17 73 17 74 26 75 41 76 37 77 54 78 43 79
83 82 0 1 0 2 1 3 1 4 1 5 2 6 3 7 5 8 7 9 8 10 6 11 9 12 8 13 7 14 2 15 10 16 2 17 6 18 15 19 1 20 9 21 5 22 10 23 20 24 9 25 20 26 3 27 25 28 13 29 13 30 20 31 12 32 10 33 2 34 27 35 4 36 4 37 25 38 13 39 0 40 9 41 32 42 34 43 1 44 4 45 43 46 12 47 13 48 38 49 44 50 14 51 18 52 14 53 30 54 23 55 43 56 31 57 10 58 37 59 51 60 22 61 5 62 44 63 31 64 45 65 12 66 23 67 1 68 38 69 68 70 30 71 0 72 29 73 61 74 35 75 47 76 45 77 41 78 19 79 1 80 75 81 7 82
43 42 0 1 0 2 1 3 1 4 2 5 2 6 5 7 4 8 2 9 1 10 8 11 2 12 6 13 4 14 3 15 11 16 1 17 0 18 4 19 6 20 8 21 3 22 6 23 15 24 10 25 24 26 20 27 3 28 6 29 28 30 23 31 3 32 11 33 8 34 33 35 26 36 26 37 1 38 24 39 33 40 30 41 20 42
82 81 0 1 0 2 0 3 2 4 0 5 1 6 4 7 6 8 6 9 0 10 2 11 9 12 10 13 11 14 7 15 6 16 5 17 3 18 9 19 2 20 12 21 3 22 5 23 10 24 0 25 3 26 13 27 11 28 14 29 17 30 19 31 14 32 9 33 24 34 0 35 16 36 35 37 3 38 31 39 16 40 10 41 18 42 8 43 28 44 4 45 41 46 30 47 10 48 31 49 33 50 18 51 2 52 18 53 48 54 40 55 40 56 48 57 3 58 42 59 31 60 5 61 15 62 21 63 23 64 59 65 63 66 62 67 23 68 29 69 52 70 58 71 58 72 25 73 64 74 72 75 45 76 13 77 69 78 24 79 59 80 23 81
27 26 0 1 0 2 1 3 2 4 2 5 0 6 3 7 6 8 5 9 8 10 9 11 0 12 2 13 5 14 7 15 1 16 9 17 8 18 14 19 0 20 11 21 20 22 17 23 15 24 5 25 23 26
52 51 0 1 0 2 1 3 1 4 1 5 4 6 5 7 6 8 2 9 0 10 3 11 4 12 10 13 1 14 5 15 4 16 12 17 4 18 10 19 7 20 15 21 14 22 6 23 3 24 19 25 17 26 0 27 10 28 12 29 20 30 8 31 28 32 25 33 11 34 1 35 20 36 32 37 0 38 31 39 3 40 9 41 15 42 22 43 17 44 13 45 21 46 42 47 35 48 6 49 19 50 6 51
74 73 0 1 0 2 1 3 2 4 3 5 0 6 3 7 4 8 7 9 5 10 3 11 7 12 9 13 4 14 9 15 14 16 13 17 4 18 2 19 3 20 17 21 3 22 5 23 6 24 13 25 8 26 10 27 2 28 15 29 24 30 15 31 11 32 13 33 26 34 23 35 8 36 10 37 20 38 31 39 30 40 38 41 34 42 36 43 0 44 28 45 44 46 12 47 11 48 20 49 20 50 42 51 26 52 2 53 42 54 8 55 1 56 8 57 46 58 39 59 22 60 30 61 8 62 12 63 12 64 24 65 19 66 20 67 4 68 39 69 32 70 31 71 30 72 37 73
68 67 0 1 0 2 0 3 0 4 2 5 0 6 1 7 6 8 0 9 7 10 9 11 8 12 5 13 9 14 13 15 1 16 11 17 16 18 11 19 13 20 3 21 12 22 10 23 11 24 2 25 8 26 3 27 2 28 1 29 27 30 10 31 16 32 28 33 19 34 27 35 1 36 32 37 31 38 6 39 22 40 13 41 35 42 2 43 25 44 40 45 3 46 45 47 41 48 8 49 13 50 25 51 33 52 0 53 21 54 29 55 11 56 29 57 6 58 19 59 38 60 24 61 12 62 31 63 17 64 11 65 41 66 12 67
40 39 0 1 0 2 0 3 0 4 0 5 0 6 2 7 2 8 1 9 3 10 8 11 10 12 9 13 3 14 5 15 11 16 3 17 12 18 3 19 8 20 11 21 7 22 10 23 2 24 18 25 24 26 10 27 6 28 25 29 6 30 6 31 13 32 18 33 22 34 26 35 2 36 13 37 12 38 14 39
70 69 0 1 0 2 0 3 1 4 3 5 3 6 2 7 5 8 4 9 3 10 8 11 8 12 9 13 12 14 12 15 14 16 6 17 15 18 17 19 6 20 10 21 10 22 5 23 6 24 13 25 4 26 18 27 2 28 15 29 15 30 1 31 4 32 5 33 12 34 0 35 32 36 28 37 4 38 27 39 0 40 36 41 9 42 40 43 16 44 23 45 39 46 7 47 6 48 12 49 27 50 2 51 13 52 34 53 44 54 35 55 34 56 47 57 36 58 32 59 19 60 2 61 37 62 31 63 57 64 60 65 9 66 50 67 46 68 16 69
75 74 0 1 0 2 0 3 1 4 0 5 4 6 2 7 0 8 1 9 5 10 3 11 8 12 3 13 4 14 9 15 4 16 5 17 11 18 8 19 5 20 3 21 19 22 8 23 11 24 7 25 1 26 21 27 0 28 19 29 25 30 11 31 21 32 10 33 24 34 28 35 21 36 14 37 20 38 15 39 34 40 31 41 30 42 27 43 5 44 32 45 9 46 25 47 35 48 2 49 10 50 3 51 17 52 31 53 13 54 9 55 51 56 33 57 14 58 38 59 50 60 43 61 15 62 61 63 33 64 42 65 12 66 47 67 17 68 57 69 28 70 19 71 37 72 63 73 18 74
2 1 0 1
46 45 0 1 0 2 1 3 0 4 3 5 1 6 1 7 2 8 5 9 2 10 7 11 3 12 9 13 4 14 4 15 11 16 5 17 12 18 0 19 18 20 7 21 11 22 6 23 16 24 7 25 11 26 0 27 2 28 6 29 22 30 25 31 19 32 18 33 21 34 24 35 25 36 15 37 2 38 4 39 7 40 26 41 4 42 5 43 31 44 28 45
96 95 0 1 0 2 0 3 1 4 0 5 2 6 1 7 3 8 2 9 1 10 4 11 2 12 0 13 2 14 7 15 11 16 10 17 7 18 8 19 15 20 8 21 12 22 9 23 3 24 9 25 8 26 11 27 15 28 16 29 13 30 2 31 17 32 21 33 1 34 29 35 2 36 1 37 34 38 30 39 21 40 28 41 39 42 24 43 25 44 21 45 8 46 8 47 39 48 28 49 44 50 18 51 14 52 51 53 39 54 33 55 1 56 4 57 1 58 51 59 33 60 36 61 15 62 19 63 1 64 7 65 29 66 28 67 31 68 18 69 41 70 61 71 67 72 35 73 1 74 25 75 24 76 59 77 34 78 38 79 19 80 23 81 16 82 30 83 24 84 18 85 47 86 57 87 15 88 69 89 43 90 10 91 42 92 3 93 31 94 33 95
44 43 0 1 0 2 0 3 1 4 3 5 4 6 0 7 6 8 2 9 3 10 3 11 1 12 0 13 12 14 12 15 6 16 0 17 0 18 7 19 0 20 6 21 1 22 20 23 3 24 2 25 13 26 6 27 8 28 11 29 0 30 11 31 6 32 11 33 31 34 2 35 10 36 8 37 31 38 9 39 35 40 0 41 39 42 8 43
41 40 0 1 0 2 0 3 0 4 0 5 1 6 4 7 6 8 0 9 8 10 3 11 6 12 6 13 3 14 10 15 9 16 11 17 7 18 2 19 2 20 18 21 1 22 4 23 9 24 6 25 19 26 18 27 9 28 18 29 16 30 14 31 20 32 8 33 9 34 31 35 1 36 26 37 2 38 4 39 7 40
98 97 0 1 0 2 1 3 2 4 0 5 3 6 0 7 1 8 5 9 4 10 8 11 5 12 10 13 2 14 3 15 14 16 11 17 7 18 10 19 16 20 17 21 14 22 19 23 9 24 3 25 17 26 12 27 26 28 24 29 6 30 25 31 12 32 6 33 20 34 13 35 7 36 4 37 17 38 34 39 36 40 32 41 24 42 22 43 19 44 35 45 2 46 34 47 27 48 22 49 25 50 20 51 16 52 47 53 41 54 32 55 15 56 8 57 40 58 2 59 55 60 59 61 50 62 60 63 53 64 22 65 57 66 8 67 63 68 29 69 0 70 11 71 40 72 60 73 2 74 68 75 9 76 30 77 14 78 48 79 46 80 38 81 80 82 13 83 48 84 49 85 32 86 42 87 10 88 5 89 34 90 30 91 43 92 21 93 80 94 80 95 47 96 27 97
66 65 0 1 0 2 0 3 1 4 1 5 3 6 0 7 1 8 2 9 2 10 2 11 9 12 4 13 11 14 6 15 12 16 14 17 1 18 12 19 18 20 3 21 20 22 4 23 1 24 7 25 23 26 22 27 13 28 26 29 10 30 21 31 0 32 28 33 25 34 26 35 32 36 13 37 17 38 26 39 5 40 4 41 35 42 36 43 19 44 9 45 16 46 31 47 13 48 40 49 19 50 0 51 19 52 8 53 45 54 23 55 44 56 40 57 0 58 48 59 12 60 53 61 5 62 25 63 12 64 27 65
92 91 0 1 0 2 1 3 2 4 0 5 1 6 2 7 5 8 1 9 3 10 0 11 5 12 1 13 3 14 4 15 12 16 9 17 14 18 3 19 0 20 16 21 12 22 2 23 19 24 4 25 2 26 24 27 17 28 22 29 8 30 10 31 21 32 6 33 3 34 25 35 30 36 32 37 28 38 10 39 22 40 4 41 33 42 16 43 27 44 6 45 9 46 20 47 6 48 22 49 39 50 34 51 21 52 4 53 27 54 40 55 16 56 42 57 36 58 26 59 33 60 35 61 3 62 26 63 60 64 31 65 48 66 30 67 51 68 1 69 6 70 17 71 11 72 11 73 27 74 36 75 67 76 46 77 8 78 53 79 49 80 51 81 19 82 56 83 65 84 49 85 35 86 80 87 61 88 15 89 25 90 75 91
37 36 0 1 0 2 1 3 0 4 3 5 4 6 1 7 3 8 0 9 4 10 4 11 2 12 9 13 0 14 10 15 14 16 8 17 11 18 2 19 7 20 0 21 6 22 14 23 9 24 13 25 18 26 15 27 14 28 26 29 25 30 15 31 1 32 27 33 23 34 29 35 29 36
51 50 0 1 0 2 1 3 0 4 0 5 4 6 0 7 3 8 4 9 7 10 6 11 8 12 10 13 5 14 11 15 13 16 1 17 15 18 10 19 7 20 10 21 1 22 13 23 0 24 18 25 8 26 0 27 10 28 8 29 17 30 29 31 16 32 31 33 30 34 25 35 2 36 1 37 14 38 7 39 19 40 22 41 36 42 2 43 15 44 43 45 20 46 19 47 28 48 30 49 2 50
17 16 0 1 0 2 0 3 1 4 1 5 2 6 1 7 2 8 4 9 6 10 2 11 2 12 1 13 3 14 8 15 7 16
85 84 0 1 0 2 1 3 2 4 3 5 3 6 4 7 5 8 0 9 8 10 9 11 4 12 3 13 11 14 6 15 11 16 7 17 10 18 10 19 5 20 18 21 16 22 16 23 7 24 10 25 7 26 22 27 8 28 16 29 27 30 2 31 4 32 19 33 24 34 31 35 13 36 22 37 6 38 35 39 19 40 26 41 32 42 14 43 22 44 6 45 7 46 1 47 24 48 9 49 12 50 0 51 38 52 39 53 37 54 47 55 31 56 21 57 23 58 12 59 26 60 11 61 1 62 34 63 50 64 2 65 54 66 6 67 59 68 51 69 66 70 2 71 60 72 13 73 52 74 57 75 49 76 3 77 21 78 27 79 16 80 53 81 12 82 56 83 73 84
44 43 0 1 0 2 1 3 1 4 0 5 0 6 3 7 2 8 1 9 6 10 3 11 6 12 4 13 3 14 0 15 4 16 9 17 13 18 5 19 13 20 8 21 0 22 11 23 9 24 8 25 3 26 9 27 3 28 17 29 4 30 0 31 16 32 29 33 2 34 24 35 8 36 22 37 22 38 35 39 8 40 15 41 40 42 37 43
42 41 0 1 0 2 1 3 1 4 1 5 0 6 2 7 5 8 5 9 5 10 8 11 6 12 4 13 2 14 6 15 4 16 7 17 1 18 13 19 11 20 6 21 20 22 12 23 13 24 23 25 20 26 16 27 15 28 12 29 25 30 26 31 4 32 16 33 8 34 33 35 20 36 16 37 8 38 2 39 9 40 5 41
7 6 0 1 0 2 1 3 1 4 0 5 4 6
45 44 0 1 0 2 0 3 0 4 0 5 4 6 3 7 6 8 5 9 2 10 2 11 10 12 8 13 9 14 12 15 6 16 11 17 9 18 6 19 11 20 12 21 9 22 19 23 11 24 17 25 24 26 13 27 11 28 21 29 23 30 10 31 11 32 2 33 29 34 1 35 2 36 22 37 20 38 9 39 9 40 30 41 27 42 3 43 26 44
62 61 0 1 0 2 0 3 1 4 0 5 1 6 1 7 0 8 0 9 0 10 0 11 1 12 3 13 0 14 4 15 5 16 10 17 4 18 14 19 18 20 3 21 18 22 14 23 15 24 14 25 19 26 11 27 8 28 21 29 6 30 6 31 17 32 27 33 29 34 7 35 32 36 2 37 9 38 24 39 23 40 14 41 8 42 32 43 7 44 21 45 17 46 42 47 39 48 9 49 33 50 33 51 49 52 31 53 7 54 31 55 50 56 46 57 16 58 31 59 24 60 26 61
40 39 0 1 0 2 0 3 2 4 2 5 4 6 2 7 1 8 2 9 3 10 9 11 2 12 6 13 7 14 11 15 0 16 0 17 9 18 7 19 10 20 10 21 2 22 9 23 3 24 22 25 19 26 19 27 9 28 14 29 5 30 25 31 22 32 29 33 12 34 4 35 23 36 13 37 36 38 9 39
66 65 0 1 0 2 1 3 2 4 1 5 0 6 1 7 2 8 7 9 1 10 7 11 0 12 7 13 4 14 0 15 9 16 14 17 0 18 1 19 12 20 2 21 12 22 19 23 11 24 3 25 5 26 16 27 3 28 0 29 19 30 28 31 29 32 23 33 1 34 9 35 9 36 26 37 29 38 20 39 34 40 11 41 8 42 6 43 32 44 37 45 39 46 37 47 17 48 47 49 4 50 25 51 47 52 6 53 23 54 1 55 26 56 31 57 3 58 50 59 7 60 52 61 36 62 46 63 23 64 48 65
88 87 0 1 0 2 1 3 1 4 3 5 2 6 2 7 4 8 6 9 1 10 0 11 9 12 1 13 0 14 3 15 2 16 9 17 16 18 9 19 5 20 5 21 5 22 16 23 7 24 23 25 19 26 10 27 15 28 21 29 13 30 3 31 27 32 8 33 6 34 15 35 3 36 3 37 33 38 17 39 14 40 18 41 24 42 16 43 8 44 10 45 18 46 11 47 10 48 8 49 3 50 12 51 5 52 21 53 48 54 15 55 26 56 14 57 13 58 53 59 19 60 26 61 9 62 42 63 16 64 18 65 30 66 60 67 0 68 0 69 37 70 7 71 8 72 40 73 37 74 48 75 40 76 10 77 34 78 13 79 37 80 49 81 66 82 9 83 59 84 44 85 1 86 20 87
55 54 0 1 0 2 1 3 2 4 0 5 1 6 1 7 2 8 3 9 6 10 0 11 8 12 4 13 7 14 7 15 3 16 3 17 7 18 13 19 14 20 18 21 5 22 15 23 18 24 16 25 18 26 20 27 23 28 22 29 19 30 21 31 21 32 16 33 17 34 23 35 28 36 22 37 12 38 25 39 10 40 2 41 28 42 26 43 31 44 41 45 14 46 21 47 24 48 42 49 35 50 21 51 27 52 46 53 34 54
78 77 0 1 0 2 1 3 0 4 1 5 2 6 0 7 5 8 1 9 7 10 3 11 7 12 3 13 10 14 5 15 2 16 9 17 1 18 14 19 4 20 2 21 15 22 10 23 2 24 2 25 19 26 12 27 13 28 2 29 21 30 15 31 18 32 10 33 24 34 29 35 14 36 7 37 7 38 6 39 26 40 31 41 11 42 26 43 7 44 28 45 16 46 14 47 7 48 3 49 47 50 24 51 20 52 39 53 17 54 14 55 29 56 54 57 55 58 27 59 55 60 21 61 57 62 0 63 62 64 46 65 9 66 1 67 57 68 55 69 20 70 25 71 6 72 57 73 63 74 16 75 73 76 4 77
72 71 0 1 0 2 1 3 2 4 0 5 2 6 3 7 2 8 2 9 0 10 3 11 4 12 6 13 9 14 5 15 7 16 2 17 1 18 8 19 4 20 16 21 3 22 8 23 19 24 0 25 23 26 2 27 21 28 25 29 27 30 16 31 21 32 2 33 26 34 15 35 1 36 11 37 29 38 32 39 33 40 39 41 5 42 31 43 19 44 12 45 13 46 36 47 45 48 40 49 2 50 45 51 10 52 11 53 7 54 16 55 25 56 38 57 14 58 50 59 20 60 22 61 39 62 6 63 45 64 39 65 21 66 26 67 2 68 18 69 20 70 32 71
62 61 0 1 0 2 1 3 1 4 2 5 4 6 4 7 2 8 6 9 2 10 8 11 3 12 11 13 5 14 7 15 9 16 12 17 2 18 17 19 5 20 18 21 19 22 6 23 22 24 17 25 6 26 18 27 26 28 7 29 3 30 11 31 11 32 25 33 18 34 9 35 24 36 34 37 33 38 37 39 37 40 38 41 18 42 30 43 14 44 37 45 23 46 10 47 15 48 26 49 26 50 13 51 19 52 42 53 48 54 45 55 8 56 50 57 36 58 33 59 38 60 59 61
70 69 0 1 0 2 0 3 2 4 3 5 3 6 5 7 6 8 1 9 7 10 2 11 7 12 3 13 0 14 1 15 9 16 10 17 8 18 4 19 8 20 4 21 3 22 17 23 3 24 19 25 3 26 2 27 26 28 19 29 15 30 17 31 1 32 10 33 8 34 6 35 10 36 8 37 5 38 8 39 9 40 19 41 26 42 9 43 28 44 18 45 26 46 10 47 15 48 16 49 16 50 25 51 9 52 1 53 52 54 34 55 4 56 22 57 5 58 43 59 14 60 40 61 48 62 55 63 6 64 3 65 36 66 13 67 43 68 50 69
35 34 0 1 0 2 1 3 0 4 1 5 1 6 3 7 2 8 2 9 8 10 5 11 4 12 1 13 3 14 9 15 5 16 2 17 10 18 1 19 17 20 1 21 0 22 20 23 16 24 3 25 15 26 8 27 17 28 14 29 28 30 16 31 16 32 3 33 23 34
23 22 0 1 0 2 1 3 1 4 2 5 0 6 3 7 6 8 1 9 7 10 1 11 4 12 4 13 4 14 3 15 7 16 9 17 8 18 17 19 10 20 6 21 10 22
8 7 0 1 0 2 1 3 0 4 3 5 0 6 2 7
81 80 0 1 0 2 0 3 1 4 2 5 0 6 1 7 1 8 1 9 7 10 5 11 3 12 6 13 6 14 1 15 0 16 5 17 4 18 7 19 12 20 11 21 3 22 3 23 21 24 16 25 17 26 7 27 25 28 11 29 5 30 19 31 8 32 18 33 20 34 6 35 26 36 12 37 22 38 36 39 35 40 22 41 10 42 34 43 35 44 4 45 42 46 29 47 5 48 32 49 3 50 6 51 17 52 33 53 20 54 40 55 6 56 8 57 23 58 18 59 58 60 43 61 20 62 20 63 6 64 59 65 60 66 25 67 55 68 44 69 15 70 23 71 44 72 12 73 12 74 37 75 0 76 24 77 33 78 32 79 37 80
11 10 0 1 0 2 0 3 1 4 0 5 2 6 5 7 3 8 7 9 8 10
17 16 0 1 0 2 0 3 1 4 1 5 0 6 3 7 3 8 7 9 4 10 7 11 0 12 5 13 10 14 8 15 0 16
91 90 0 1 0 2 1 3 0 4 1 5 2 6 2 7 1 8 4 9 5 10 4 11 10 12 8 13 11 14 7 15 4 16 4 17 14 18 11 19 9 20 8 21 12 22 11 23 3 24 1 25 1 26 14 27 9 28 17 29 17 30 16 31 25 32 5 33 13 34 14 35 1 36 28 37 27 38 21 39 10 40 19 41 21 42 35 43 25 44 20 45 13 46 2 47 7 48 17 49 19 50 35 51 1 52 47 53 38 54 10 55 11 56 20 57 22 58 49 59 14 60 16 61 37 62 36 63 9 64 2 65 43 66 24 67 39 68 12 69 63 70 50 71 11 72 3 73 52 74 60 75 14 76 7 77 1 78 43 79 69 80 73 81 25 82 64 83 76 84 66 85 2 86 54 87 55 88 16 89 80 90
33 32 0 1 0 2 0 3 1 4 1 5 2 6 5 7 2 8 0 9 8 10 4 11 3 12 1 13 11 14 0 15 12 16 7 17 5 18 15 19 1 20 3 21 1 22 20 23 19 24 8 25 9 26 16 27 24 28 11 29 27 30 4 31 2 32
8 7 0 1 0 2 0 3 1 4 1 5 3 6 0 7
6 5 0 1 0 2 1 3 0 4 1 5
61 60 0 1 0 2 0 3 2 4 1 5 0 6 1 7 6 8 7 9 0 10 5 11 3 12 8 13 0 14 7 15 1 16 15 17 7 18 3 19 13 20 2 21 6 22 20 23 16 24 12 25 14 26 12 27 6 28 3 29 8 30 4 31 17 32 29 33 17 34 21 35 27 36 26 37 36 38 36 39 33 40 7 41 34 42 36 43 24 44 14 45 3 46 5 47 14 48 2 49 36 50 15 51 33 52 2 53 48 54 43 55 46 56 50 57 1 58 28 59 8 60
25 24 0 1 0 2 1 3 1 4 3 5 2 6 5 7 5 8 1 9 4 10 0 11 9 12 8 13 8 14 4 15 6 16 9 17 10 18 2 19 1 20 2 21 12 22 20 23 22 24
91 90 0 1 0 2 1 3 0 4 0 5 1 6 4 7 4 8 6 9 2 10 1 11 0 12 1 13 0 14 2 15 10 16 10 17 12 18 12 19 10 20 10 21 13 22 14 23 2 24 22 25 17 26 12 27 15 28 5 29 10 30 0 31 0 32 17 33 31 34 2 35 31 36 7 37 12 38 30 39 16 40 0 41 0 42 6 43 5 44 42 45 8 46 28 47 26 48 39 49 3 50 6 51 44 52 46 53 10 54 4 55 41 56 53 57 18 58 26 59 35 60 29 61 37 62 56 63 37 64 60 65 41 66 39 67 40 68 26 69 46 70 9 71 54 72 49 73 64 74 8 75 4 76 4 77 2 78 5 79 63 80 70 81 12 82 54 83 12 84 19 85 13 86 16 87 56 88 15 89 12 90
27 26 0 1 0 2 1 3 2 4 2 5 2 6 0 7 1 8 7 9 4 10 6 11 5 12 0 13 10 14 13 15 2 16 5 17 11 18 14 19 10 20 7 21 4 22 12 23 7 24 17 25 24 26
27 26 0 1 0 2 0 3 0 4 0 5 0 6 3 7 4 8 1 9 3 10 7 11 6 12 3 13 7 14 3 15 2 16 12 17 7 18 4 19 18 20 4 21 13 22 20 23 7 24 10 25 11 26
13 12 0 1 0 2 1 3 0 4 1 5 1 6 2 7 2 8 0 9 2 10 3 11 9 12
55 54 0 1 0 2 1 3 0 4 0 5 2 6 3 7 1 8 0 9 7 10 1 11 8 12 8 13 11 14 3 15 14 16 0 17 2 18 13 19 1 20 0 21 11 22 1 23 11 24 22 25 0 26 18 27 3 28 14 29 23 30 9 31 17 32 21 33 22 34 29 35 11 36 7 37 26 38 31 39 16 40 35 41 5 42 30 43 27 44 1 45 34 46 18 47 43 48 12 49 8 50 30 51 3 52 24 53 3 54
3 2 0 1 0 2
15 14 0 1 0 2 0 3 1 4 2 5 2 6 1 7 4 8 7 9 8 10 4 11 8 12 2 13 0 14
90 89 0 1 0 2 0 3 2 4 2 5 2 6 5 7 5 8 0 9 0 10 5 11 7 12 10 13 10 14 11 15 2 16 1 17 5 18 17 19 7 20 9 21 3 22 21 23 1 24 15 25 14 26 4 27 15 28 11 29 25 30 12 31 3 32 10 33 12 34 33 35 6 36 10 37 27 38 34 39 17 40 5 41 27 42 5 43 24 44 7 45 3 46 18 47 45 48 26 49 21 50 15 51 50 52 28 53 12 54 50 55 28 56 25 57 26 58 50 59 4 60 43 61 53 62 15 63 25 64 47 65 14 66 11 67 56 68 46 69 23 70 1 71 12 72 47 73 49 74 4 75 17 76 32 77 64 78 77 79 77 80 72 81 3 82 30 83 35 84 74 85 78 86 24 87 12 88 84 89
82 81 0 1 0 2 0 3 0 4 1 5 0 6 2 7 6 8 5 9 1 10 1 11 1 12 11 13 6 14 1 15 1 16 0 17 3 18 14 19 13 20 12 21 4 22 9 23 7 24 1 25 6 26 21 27 13 28 12 29 2 30 8 31 23 32 1 33 25 34 22 35 3 36 29 37 15 38 26 39 7 40 6 41 15 42 3 43 9 44 31 45 4 46 18 47 45 48 45 49 2 50 11 51 42 52 44 53 41 54 5 55 16 56 28 57 37 58 8 59 54 60 10 61 27 62 52 63 26 64 2 65 32 66 2 67 60 68 67 69 53 70 55 71 39 72 19 73 11 74 24 75 54 76 74 77 24 78 31 79 34 80 72 81
9 8 0 1 0 2 0 3 0 4 1 5 1 6 2 7 3 8
76 75 0 1 0 2 1 3 2 4 2 5 3 6 1 7 5 8 7 9 0 10 1 11 6 12 6 13 10 14 12 15 1 16 2 17 8 18 9 19 3 20 15 21 14 22 12 23 14 24 23 25 24 26 9 27 24 28 1 29 13 30 1 31 19 32 11 33 2 34 32 35 9 36 10 37 5 38 0 39 6 40 15 41 2 42 12 43 41 44 30 45 9 46 33 47 37 48 16 49 18 50 1 51 5 52 2 53 8 54 47 55 34 56 52 57 49 58 24 59 56 60 42 61 46 62 61 63 51 64 8 65 27 66 43 67 64 68 20 69 40 70 16 71 23 72 3 73 20 74 64 75
33 32 0 1 0 2 0 3 1 4 2 5 1 6 5 7 4 8 3 9 2 10 1 11 2 12 2 13 2 14 12 15 14 16 2 17 14 18 6 19 1 20 10 21 15 22 20 23 18 24 21 25 14 26 11 27 6 28 27 29 1 30 18 31 12 32
79 78 0 1 0 2 1 3 1 4 3 5 3 6 5 7 4 8 0 9 0 10 8 11 10 12 4 13 5 14 0 15 12 16 15 17 15 18 5 19 4 20 14 21 8 22 12 23 14 24 3 25 5 26 19 27 25 28 25 29 23 30 1 31 3 32 23 33 27 34 6 35 4 36 0 37 10 38 4 39 15 40 36 41 36 42 3 43 17 44 7 45 23 46 34 47 31 48 12 49 44 50 29 51 12 52 37 53 36 54 42 55 14 56 17 57 17 58 18 59 8 60 31 61 59 62 43 63 51 64 22 65 42 66 13 67 8 68 58 69 13 70 22 71 35 72 16 73 54 74 62 75 65 76 36 77 39 78
69 68 0 1 0 2 1 3 1 4 0 5 4 6 2 7 4 8 4 9 5 10 1 11 5 12 5 13 6 14 11 15 12 16 1 17 5 18 13 19 0 20 0 21 19 22 10 23 14 24 0 25 6 26 7 27 15 28 22 29 20 30 12 31 2 32 4 33 29 34 9 35 23 36 31 37 0 38 14 39 11 40 21 41 6 42 21 43 7 44 25 45 35 46 25 47 28 48 26 49 46 50 15 51 38 52 18 53 1 54 45 55 25 56 35 57 6 58 20 59 14 60 23 61 58 62 23 63 38 64 2 65 30 66 3 67 3 68
5 4 0 1 0 2 1 3 1 4
94 93 0 1 0 2 1 3 0 4 0 5 0 6 3 7 1 8 1 9 8 10 2 11 4 12 5 13 0 14 4 15 2 16 2 17 9 18 2 19 11 20 5 21 12 22 18 23 1 24 3 25 6 26 23 27 13 28 22 29 3 30 3 31 4 32 6 33 6 34 23 35 13 36 17 37 0 38 31 39 25 40 28 41 36 42 10 43 37 44 14 45 14 46 9 47 30 48 21 49 39 50 46 51 17 52 29 53 13 54 25 55 23 56 35 57 26 58 40 59 8 60 3 61 0 62 2 63 56 64 19 65 12 66 9 67 30 68 37 69 3 70 23 71 42 72 58 73 41 74 30 75 32 76 61 77 73 78 70 79 23 80 21 81 29 82 5 83 3 84 24 85 44 86 84 87 55 88 14 89 64 90 86 91 42 92 9 93
98 97 0 1 0 2 1 3 1 4 3 5 2 6 2 7 6 8 6 9 6 10 2 11 4 12 9 13 1 14 6 15 10 16 11 17 11 18 10 19 2 20 17 21 6 22 11 23 16 24 22 25 19 26 23 27 15 28 25 29 7 30 4 31 0 32 28 33 6 34 6 35 2 36 19 37 8 38 14 39 23 40 28 41 0 42 31 43 4 44 2 45 0 46 34 47 40 48 25 49 17 50 16 51 35 52 14 53 51 54 43 55 46 56 11 57 39 58 32 59 57 60 18 61 12 62 42 63 19 64 43 65 35 66 20 67 0 68 27 69 60 70 37 71 46 72 21 73 23 74 29 75 29 76 17 77 36 78 67 79 17 80 34 81 42 82 75 83 77 84 74 85 7 86 19 87 74 88 80 89 29 90 77 91 37 92 29 93 26 94 27 95 20 96 23 97
17 16 0 1 0 2 1 3 2 4 0 5 2 6 3 7 0 8 7 9 5 10 0 11 8 12 7 13 0 14 2 15 13 16
57 56 0 1 0 2 1 3 0 4 1 5 3 6 5 7 0 8 3 9 8 10 5 11 9 12 5 13 4 14 3 15 14 16 5 17 8 18 12 19 1 20 14 21 0 22 15 23 14 24 2 25 0 26 23 27 23 28 11 29 11 30 16 31 7 32 28 33 6 34 8 35 4 36 8 37 3 38 34 39 34 40 0 41 18 42 32 43 1 44 27 45 0 46 14 47 45 48 44 49 4 50 25 51 25 52 7 53 28 54 6 55 9 56
97 96 0 1 0 2 1 3 2 4 1 5 3 6 3 7 5 8 0 9 2 10 6 11 3 12 5 13 5 14 8 15 13 16 1 17 2 18 12 19 13 20 4 21 17 22 7 23 22 24 20 25 19 26 9 27 25 28 24 29 3 30 0 31 6 32 14 33 11 34 7 35 23 36 0 37 23 38 17 39 28 40 34 41 40 42 33 43 10 44 29 45 35 46 19 47 22 48 5 49 8 50 6 51 11 52 8 53 42 54 43 55 31 56 17 57 19 58 3 59 42 60 34 61 23 62 48 63 53 64 62 65 44 66 50 67 5 68 47 69 20 70 13 71 58 72 14 73 65 74 60 75 18 76 50 77 60 78 7 79 11 80 14 81 44 82 68 83 20 84 24 85 65 86 13 87 14 88 23 89 59 90 34 91 36 92 19 93 16 94 6 95 61 96
61 60 0 1 0 2 0 3 0 4 2 5 3 6 2 7 0 8 6 9 6 10 0 11 7 12 3 13 10 14 1 15 9 16 2 17 3 18 16 19 0 20 19 21 0 22 15 23 8 24 5 25 3 26 3 27 2 28 26 29 12 30 22 31 13 32 31 33 5 34 5 35 22 36 27 37 3 38 1 39 24 40 34 41 29 42 6 43 42 44 1 45 14 46 9 47 22 48 7 49 5 50 8 51 25 52 50 53 11 54 7 55 47 56 22 57 38 58 34 59 8 60
41 40 0 1 0 2 1 3 2 4 3 5 4 6 2 7 2 8 5 9 6 10 3 11 0 12 1 13 10 14 1 15 1 16 2 17 2 18 3 19 7 20 13 21 12 22 11 23 0 24 0 25 2 26 22 27 6 28 1 29 14 30 25 31 28 32 29 33 5 34 19 35 28 36 13 37 1 38 8 39 32 40
73 72 0 1 0 2 1 3 1 4 0 5 3 6 5 7 3 8 7 9 1 10 0 11 6 12 7 13 0 14 4 15 13 16 14 17 6 18 16 19 2 20 6 21 17 22 17 23 7 24 10 25 11 26 1 27 26 28 12 29 12 30 10 31 29 32 31 33 31 34 8 35 30 36 12 37 15 38 10 39 37 40 8 41 39 42 32 43 14 44 6 45 20 46 9 47 29 48 41 49 9 50 6 51 47 52 16 53 10 54 12 55 0 56 20 57 38 58 50 59 49 60 48 61 10 62 46 63 4 64 26 65 33 66 51 67 18 68 53 69 15 70 52 71 32 72
72 71 0 1 0 2 0 3 2 4 2 5 1 6 0 7 3 8 3 9 6 10 6 11 8 12 8 13 3 14 12 15 11 16 12 17 14 18 8 19 9 20 8 21 19 22 9 23 10 24 2 25 23 26 21 27 13 28 19 29 8 30 28 31 30 32 17 33 9 34 9 35 18 36 27 37 29 38 5 39 25 40 33 41 34 42 12 43 24 44 22 45 44 46 3 47 33 48 0 49 32 50 48 51 32 52 10 53 34 54 19 55 0 56 53 57 32 58 38 59 11 60 3 61 22 62 51 63 55 64 27 65 32 66 7 67 0 68 54 69 39 70 64 71
