100
17 16 0 1 0 2 0 3 2 4 1 5 4 6 3 7 6 8 7 9 6 10 7 11 9 12 6 13 5 14 12 15 7 16
62 61 0 1 0 2 1 3 1 4 1 5 2 6 1 7 3 8 1 9 6 10 2 11 2 12 0 13 1 14 3 15 8 16 13 17 1 18 6 19 11 20 15 21 2 22 17 23 14 24 14 25 21 26 19 27 22 28 9 29 8 30 2 31 29 32 15 33 8 34 4 35 0 36 9 37 4 38 8 39 26 40 29 41 5 42 20 43 8 44 22 45 36 46 12 47 42 48 3 49 27 50 42 51 36 52 46 53 5 54 32 55 10 56 29 57 24 58 56 59 42 60 1 61
83 82 0 1 0 2 1 3 1 4 2 5 4 6 1 7 5 8 4 9 3 10 2 11 8 12 1 13 10 14 6 15 4 16 4 17 8 18 9 19 4 20 14 21 13 22 12 23 8 24 20 25 15 26 9 27 23 28 23 29 24 30 0 31 3 32 23 33 23 34 19 35 3 36 35 37 15 38 4 39 35 40 26 41 32 42 32 43 17 44 2 45 19 46 16 47 31 48 30 49 24 50 15 51 14 52 25 53 7 54 35 55 32 56 28 57 4 58 24 59 54 60 6 61 8 62 11 63 10 64 1 65 46 66 60 67 50 68 14 69 53 70 64 71 11 72 32 73 55 74 14 75 39 76 46 77 27 78 7 79 73 80 27 81 73 82
50 49 0 1 0 2 1 3 0 4 0 5 2 6 3 7 2 8 4 9 7 10 8 11 1 12 3 13 8 14 13 15 2 16 0 17 11 18 12 19 17 20 1 21 7 22 15 23 8 24 22 25 5 26 2 27 19 28 26 29 27 30 29 31 5 32 5 33 22 34 6 35 0 36 13 37 24 38 36 39 25 40 2 41 0 42 31 43 2 44 26 45 14 46 4 47 19 48 40 49
7 6 0 1 0 2 1 3 0 4 3 5 2 6
99 98 0 1 0 2 0 3 0 4 2 5 0 6 5 7 1 8 2 9 6 10 7 11 3 12 9 13 5 14 9 15 0 16 1 17 14 18 12 19 6 20 8 21 2 22 3 23 6 24 8 25 9 26 11 27 13 28 10 29 20 30 21 31 3 32 8 33 15 34 0 35 6 36 7 37 18 38 12 39 33 40 37 41 11 42 8 43 11 44 7 45 36 46 33 47 10 48 2 49 8 50 32 51 48 52 20 53 11 54 44 55 34 56 30 57 15 58 37 59 30 60 28 61 17 62 4 63 18 64 37 65 0 66 52 67 39 68 15 69 48 70 26 71 14 72 21 73 49 74 26 75 48 76 58 77 23 78 5 79 14 80 4 81 43 82 74 83 73 84 38 85 23 86 12 87 77 88 6 89 8 90 35 91 16 92 78 93 48 94 47 95 12 96 85 97 18 98
69 68 0 1 0 2 1 3 0 4 0 5 4 6 3 7 4 8 4 9 5 10 6 11 10 12 3 13 6 14 3 15 9 16 3 17 8 18 6 19 3 20 3 21 0 22 3 23 19 24 8 25 18 26 2 27 8 28 25 29 12 30 21 31 29 32 20 33 25 34 13 35 8 36 28 37 17 38 35 39 18 40 6 41 15 42 19 43 17 44 6 45 44 46 12 47 7 48 36 49 13 50 28 51 7 52 38 53 6 54 17 55 18 56 5 57 18 58 52 59 39 60 0 61 19 62 43 63 1 64 53 65 25 66 6 67 2 68
71 70 0 1 0 2 1 3 0 4 0 5 1 6 3 7 6 8 6 9 3 10 2 11 5 12 8 13 1 14 12 15 14 16 4 17 3 18 14 19 6 20 8 21 15 22 14 23 14 24 4 25 17 26 3 27 4 28 9 29 6 30 28 31 30 32 7 33 3 34 3 35 18 36 35 37 4 38 1 39 4 40 24 41 39 42 25 43 0 44 34 45 30 46 16 47 28 48 14 49 38 50 18 51 15 52 1 53 7 54 9 55 36 56 43 57 42 58 45 59 17 60 46 61 58 62 59 63 38 64 22 65 43 66 50 67 47 68 21 69 40 70
1 0
2 1 0 1
39 38 0 1 0 2 0 3 2 4 1 5 3 6 4 7 3 8 0 9 5 10 3 11 5 12 6 13 9 14 1 15 14 16 11 17 2 18 14 19 3 20 19 21 8 22 13 23 4 24 9 25 1 26 16 27 24 28 19 29 13 30 6 31 17 32 4 33 28 34 20 35 14 36 32 37 3 38
19 18 0 1 0 2 0 3 0 4 2 5 4 6 5 7 4 8 7 9 0 10 9 11 6 12 5 13 6 14 12 15 10 16 8 17 7 18
10 9 0 1 0 2 0 3 1 4 3 5 3 6 5 7 1 8 1 9
59 58 0 1 0 2 1 3 2 4 3 5 2 6 0 7 6 8 0 9 7 10 8 11 1 12 9 13 11 14 2 15 14 16 10 17 6 18 11 19 3 20 9 21 14 22 5 23 10 24 7 25 16 26 1 27 12 28 27 29 25 30 7 31 7 32 22 33 25 34 16 35 30 36 33 37 23 38 6 39 3 40 1 41 12 42 34 43 20 44 9 45 22 46 1 47 13 48 6 49 37 50 27 51 14 52 47 53 9 54 46 55 23 56 54 57 1 58
6 5 0 1 0 2 0 3 2 4 3 5
70 69 0 1 0 2 0 3 2 4 0 5 2 6 2 7 6 8 7 9 4 10 1 11 10 12 10 13 1 14 0 15 13 16 14 17 11 18 8 19 2 20 0 21 20 22 19 23 15 24 10 25 13 26 5 27 17 28 23 29 16 30 24 31 7 32 5 33 5 34 3 35 22 36 21 37 35 38 29 39 22 40 27 41 37 42 8 43 12 44 36 45 10 46 29 47 29 48 37 49 38 50 0 51 21 52 19 53 20 54 17 55 5 56 32 57 45 58 12 59 8 60 9 61 7 62 0 63 52 64 31 65 62 66 57 67 6 68 35 69
49 48 0 1 0 2 1 3 1 4 1 5 0 6 0 7 4 8 5 9 8 10 6 11 7 12 6 13 9 14 4 15 7 16 4 17 5 18 14 19 10 20 16 21 12 22 20 23 18 24 12 25 6 26 20 27 23 28 24 29 14 30 20 31 10 32 11 33 12 34 24 35 21 36 22 37 5 38 12 39 27 40 15 41 6 42 26 43 39 44 21 45 4 46 39 47 8 48
56 55 0 1 0 2 1 3 2 4 1 5 0 6 5 7 0 8 7 9 0 10 0 11 7 12 11 13 4 14 9 15 14 16 15 17 16 18 11 19 15 20 5 21 15 22 21 23 4 24 4 25 4 26 5 27 10 28 24 29 18 30 3 31 10 32 11 33 28 34 25 35 17 36 2 37 24 38 3 39 36 40 25 41 5 42 8 43 10 44 9 45 37 46 5 47 33 48 18 49 1 50 46 51 10 52 5 53 31 54 31 55
87 86 0 1 0 2 0 3 2 4 3 5 2 6 4 7 5 8 0 9 5 10 5 11 1 12 0 13 11 14 10 15 12 16 12 17 8 18 17 19 0 20 6 21 13 22 18 23 19 24 0 25 14 26 1 27 22 28 5 29 12 30 17 31 17 32 2 33 24 34 10 35 4 36 12 37 28 38 11 39 31 40 4 41 9 42 32 43 4 44 36 45 42 46 29 47 20 48 5 49 39 50 41 51 39 52 45 53 15 54 29 55 25 56 10 57 23 58 25 59 55 60 40 61 46 62 57 63 19 64 50 65 14 66 11 67 66 68 52 69 6 70 20 71 0 72 38 73 20 74 6 75 70 76 23 77 60 78 66 79 74 80 47 81 37 82 70 83 32 84 3 85 74 86
47 46 0 1 0 2 1 3 0 4 1 5 1 6 0 7 2 8 6 9 5 10 4 11 1 12 5 13 9 14 4 15 12 16 0 17 16 18 12 19 12 20 12 21 0 22 2 23 22 24 18 25 2 26 11 27 0 28 27 29 16 30 18 31 14 32 14 33 30 34 23 35 22 36 32 37 17 38 11 39 35 40 14 41 19 42 38 43 17 44 14 45 27 46
3 2 0 1 0 2
14 13 0 1 0 2 1 3 0 4 2 5 2 6 4 7 1 8 2 9 4 10 2 11 2 12 9 13
57 56 0 1 0 2 1 3 1 4 3 5 2 6 2 7 1 8 7 9 3 10 2 11 7 12 3 13 1 14 9 15 1 16 9 17 2 18 9 19 18 20 17 21 17 22 19 23 7 24 9 25 11 26 21 27 19 28 26 29 6 30 20 31 21 32 9 33 0 34 27 35 6 36 25 37 30 38 7 39 10 40 27 41 39 42 18 43 11 44 4 45 39 46 32 47 7 48 16 49 23 50 9 51 41 52 47 53 26 54 40 55 2 56
59 58 0 1 0 2 1 3 0 4 1 5 1 6 3 7 2 8 3 9 3 10 0 11 6 12 0 13 3 14 12 15 12 16 5 17 15 18 15 19 2 20 6 21 2 22 8 23 15 24 14 25 4 26 4 27 20 28 10 29 18 30 23 31 8 32 8 33 29 34 33 35 29 36 15 37 26 38 7 39 0 40 37 41 35 42 8 43 5 44 31 45 39 46 19 47 18 48 19 49 10 50 1 51 50 52 51 53 15 54 45 55 53 56 35 57 45 58
2 1 0 1
89 88 0 1 0 2 1 3 1 4 1 5 1 6 3 7 4 8 7 9 8 10 0 11 0 12 9 13 12 14 4 15 10 16 0 17 12 18 7 19 5 20 6 21 16 22 15 23 1 24 20 25 1 26 16 27 13 28 22 29 24 30 0 31 15 32 3 33 22 34 5 35 20 36 25 37 3 38 12 39 3 40 14 41 19 42 15 43 3 44 6 45 20 46 29 47 22 48 17 49 39 50 32 51 45 52 6 53 18 54 36 55 49 56 52 57 43 58 42 59 1 60 40 61 27 62 16 63 22 64 19 65 20 66 54 67 32 68 30 69 47 70 41 71 28 72 44 73 68 74 69 75 33 76 37 77 53 78 37 79 32 80 67 81 60 82 72 83 1 84 10 85 18 86 43 87 15 88
87 86 0 1 0 2 0 3 2 4 0 5 3 6 2 7 4 8 7 9 2 10 2 11 6 12 0 13 3 14 5 15 10 16 12 17 8 18 7 19 2 20 16 21 17 22 13 23 4 24 4 25 5 26 6 27 12 28 14 29 9 30 29 31 21 32 24 33 10 34 4 35 32 36 35 37 31 38 24 39 36 40 38 41 12 42 8 43 16 44 37 45 30 46 19 47 24 48 29 49 0 50 39 51 2 52 35 53 15 54 29 55 11 56 44 57 6 58 50 59 2 60 36 61 16 62 18 63 16 64 0 65 10 66 48 67 6 68 48 69 57 70 43 71 11 72 69 73 66 74 57 75 0 76 42 77 13 78 24 79 17 80 42 81 42 82 22 83 48 84 37 85 6 86
54 53 0 1 0 2 1 3 2 4 0 5 4 6 0 7 5 8 4 9 0 10 9 11 2 12 7 13 4 14 0 15 2 16 3 17 1 18 2 19 18 20 18 21 20 22 1 23 18 24 10 25 12 26 12 27 16 28 19 29 22 30 16 31 23 32 10 33 0 34 15 35 22 36 26 37 21 38 21 39 20 40 1 41 22 42 15 43 27 44 8 45 20 46 23 47 29 48 8 49 26 50 33 51 45 52 43 53
67 66 0 1 0 2 1 3 0 4 3 5 1 6 2 7 0 8 7 9 3 10 9 11 3 12 2 13 5 14 3 15 10 16 15 17 10 18 9 19 11 20 1 21 9 22 17 23 10 24 19 25 19 26 7 27 22 28 3 29 13 30 20 31 13 32 27 33 24 34 21 35 4 36 10 37 19 38 18 39 23 40 2 41 35 42 1 43 2 44 7 45 13 46 45 47 3 48 12 49 16 50 10 51 32 52 44 53 45 54 4 55 20 56 53 57 42 58 50 59 35 60 16 61 32 62 8 63 50 64 16 65 9 66
44 43 0 1 0 2 0 3 0 4 0 5 3 6 4 7 0 8 5 9 6 10 5 11 10 12 3 13 7 14 11 15 10 16 2 17 8 18 0 19 13 20 11 21 18 22 9 23 19 24 8 25 13 26 6 27 1 28 6 29 17 30 12 31 28 32 11 33 20 34 0 35 8 36 26 37 5 38 19 39 31 40 14 41 35 42 33 43
59 58 0 1 0 2 0 3 2 4 3 5 0 6 2 7 2 8 0 9 6 10 8 11 0 12 8 13 0 14 6 15 5 16 1 17 8 18 0 19 14 20 18 21 5 22 21 23 2 24 7 25 7 26 15 27 24 28 24 29 20 30 26 31 20 32 7 33 16 34 33 35 5 36 25 37 12 38 25 39 22 40 32 41 3 42 5 43 16 44 42 45 16 46 36 47 12 48 11 49 43 50 35 51 35 52 28 53 18 54 11 55 35 56 3 57 11 58
3 2 0 1 0 2
16 15 0 1 0 2 0 3 0 4 3 5 0 6 1 7 5 8 3 9 2 10 1 11 5 12 2 13 4 14 5 15
27 26 0 1 0 2 1 3 2 4 0 5 2 6 1 7 1 8 5 9 4 10 8 11 0 12 10 13 2 14 5 15 11 16 10 17 7 18 8 19 8 20 1 21 2 22 19 23 6 24 23 25 20 26
7 6 0 1 0 2 0 3 1 4 3 5 0 6
42 41 0 1 0 2 1 3 2 4 3 5 3 6 3 7 2 8 7 9 2 10 2 11 10 12 1 13 1 14 6 15 10 16 0 17 13 18 2 19 4 20 16 21 14 22 0 23 12 24 2 25 3 26 5 27 26 28 8 29 0 30 29 31 7 32 30 33 29 34 7 35 7 36 14 37 20 38 24 39 29 40 18 41
85 84 0 1 0 2 1 3 0 4 1 5 0 6 1 7 5 8 0 9 7 10 9 11 2 12 2 13 12 14 9 15 10 16 15 17 11 18 17 19 9 20 14 21 11 22 6 23 17 24 14 25 3 26 13 27 21 28 2 29 19 30 20 31 17 32 2 33 31 34 33 35 32 36 10 37 20 38 24 39 7 40 30 41 24 42 8 43 6 44 31 45 33 46 43 47 38 48 7 49 0 50 25 51 17 52 37 53 34 54 0 55 21 56 20 57 30 58 39 59 55 60 57 61 39 62 60 63 39 64 29 65 8 66 46 67 29 68 9 69 10 70 40 71 69 72 59 73 58 74 24 75 66 76 32 77 56 78 35 79 50 80 0 81 5 82 79 83 60 84
1 0
65 64 0 1 0 2 0 3 2 4 1 5 4 6 1 7 1 8 5 9 7 10 6 11 2 12 4 13 1 14 13 15 5 16 1 17 0 18 8 19 15 20 2 21 5 22 14 23 2 24 9 25 3 26 2 27 7 28 25 29 3 30 25 31 20 32 20 33 6 34 12 35 6 36 27 37 25 38 32 39 18 40 15 41 23 42 2 43 9 44 32 45 44 46 24 47 29 48 2 49 23 50 42 51 36 52 36 53 4 54 41 55 4 56 1 57 46 58 16 59 40 60 43 61 12 62 31 63 40 64
51 50 0 1 0 2 1 3 1 4 2 5 4 6 2 7 4 8 1 9 6 10 0 11 10 12 6 13 12 14 11 15 7 16 4 17 3 18 10 19 3 20 15 21 3 22 12 23 3 24 18 25 12 26 12 27 9 28 9 29 12 30 25 31 25 32 6 33 1 34 16 35 19 36 7 37 7 38 1 39 12 40 36 41 4 42 28 43 41 44 25 45 10 46 23 47 35 48 41 49 48 50
42 41 0 1 0 2 1 3 0 4 0 5 0 6 2 7 6 8 0 9 0 10 3 11 4 12 4 13 2 14 11 15 4 16 2 17 2 18 14 19 10 20 1 21 9 22 16 23 14 24 21 25 13 26 9 27 23 28 8 29 2 30 15 31 28 32 9 33 16 34 18 35 27 36 4 37 4 38 8 39 7 40 39 41
80 79 0 1 0 2 1 3 1 4 1 5 2 6 2 7 4 8 1 9 5 10 1 11 3 12 7 13 4 14 10 15 11 16 5 17 7 18 2 19 11 20 6 21 1 22 18 23 5 24 3 25 15 26 1 27 17 28 12 29 27 30 28 31 9 32 9 33 2 34 19 35 27 36 30 37 17 38 1 39 21 40 23 41 7 42 15 43 24 44 17 45 39 46 42 47 24 48 36 49 32 50 26 51 5 52 32 53 5 54 49 55 39 56 52 57 18 58 42 59 35 60 1 61 46 62 39 63 34 64 9 65 40 66 14 67 47 68 61 69 68 70 64 71 20 72 38 73 12 74 31 75 51 76 19 77 1 78 64 79
56 55 0 1 0 2 1 3 1 4 3 5 4 6 1 7 0 8 2 9 0 10 4 11 6 12 2 13 12 14 3 15 9 16 3 17 9 18 15 19 1 20 9 21 5 22 1 23 19 24 18 25 20 26 5 27 11 28 16 29 22 30 1 31 22 32 29 33 26 34 7 35 4 36 3 37 24 38 10 39 37 40 39 41 20 42 12 43 16 44 27 45 27 46 39 47 20 48 29 49 2 50 28 51 12 52 48 53 35 54 18 55
28 27 0 1 0 2 1 3 0 4 1 5 1 6 3 7 6 8 5 9 3 10 1 11 0 12 6 13 12 14 9 15 3 16 8 17 11 18 4 19 11 20 9 21 0 22 12 23 17 24 1 25 0 26 1 27
78 77 0 1 0 2 0 3 0 4 3 5 0 6 4 7 1 8 1 9 1 10 4 11 5 12 7 13 1 14 7 15 8 16 9 17 8 18 14 19 6 20 14 21 10 22 3 23 19 24 5 25 0 26 11 27 17 28 20 29 11 30 10 31 29 32 30 33 31 34 23 35 34 36 24 37 14 38 16 39 11 40 12 41 29 42 15 43 14 44 40 45 41 46 25 47 22 48 21 49 0 50 36 51 42 52 20 53 52 54 20 55 4 56 10 57 7 58 12 59 56 60 41 61 45 62 37 63 35 64 31 65 43 66 55 67 27 68 48 69 54 70 10 71 60 72 35 73 3 74 71 75 70 76 31 77
95 94 0 1 0 2 1 3 2 4 0 5 0 6 1 7 2 8 0 9 0 10 5 11 3 12 6 13 3 14 5 15 1 16 7 17 2 18 12 19 3 20 11 21 11 22 16 23 20 24 5 25 0 26 23 27 26 28 24 29 4 30 4 31 20 32 2 33 26 34 11 35 19 36 4 37 19 38 17 39 35 40 15 41 7 42 39 43 18 44 23 45 32 46 25 47 7 48 18 49 17 50 43 51 49 52 33 53 7 54 11 55 43 56 17 57 50 58 38 59 8 60 21 61 27 62 27 63 58 64 16 65 50 66 2 67 15 68 65 69 30 70 44 71 17 72 28 73 34 74 36 75 58 76 10 77 54 78 4 79 32 80 40 81 27 82 50 83 50 84 48 85 44 86 2 87 80 88 14 89 50 90 52 91 65 92 15 93 34 94
92 91 0 1 0 2 1 3 2 4 1 5 4 6 5 7 1 8 6 9 5 10 9 11 10 12 11 13 3 14 2 15 6 16 14 17 6 18 16 19 8 20 5 21 6 22 18 23 2 24 5 25 18 26 16 27 24 28 11 29 13 30 6 31 3 32 7 33 15 34 15 35 2 36 29 37 17 38 16 39 24 40 37 41 21 42 9 43 31 44 34 45 1 46 20 47 18 48 3 49 16 50 22 51 2 52 17 53 34 54 15 55 47 56 34 57 25 58 47 59 30 60 36 61 15 62 0 63 2 64 54 65 63 66 3 67 51 68 61 69 36 70 64 71 37 72 34 73 39 74 8 75 66 76 62 77 65 78 42 79 33 80 63 81 63 82 33 83 33 84 17 85 52 86 85 87 18 88 43 89 51 90 79 91
43 42 0 1 0 2 1 3 0 4 1 5 2 6 1 7 6 8 0 9 3 10 1 11 4 12 5 13 0 14 12 15 13 16 12 17 6 18 5 19 2 20 14 21 1 22 16 23 14 24 11 25 5 26 17 27 14 28 22 29 3 30 25 31 9 32 13 33 5 34 22 35 9 36 11 37 13 38 18 39 5 40 28 41 26 42
79 78 0 1 0 2 1 3 1 4 1 5 1 6 2 7 6 8 3 9 8 10 2 11 10 12 7 13 4 14 6 15 12 16 3 17 2 18 14 19 7 20 8 21 10 22 1 23 7 24 17 25 19 26 13 27 1 28 26 29 26 30 21 31 27 32 13 33 24 34 30 35 26 36 35 37 10 38 36 39 4 40 37 41 29 42 21 43 2 44 15 45 8 46 27 47 16 48 3 49 6 50 15 51 27 52 39 53 3 54 17 55 7 56 15 57 4 58 25 59 54 60 42 61 3 62 49 63 9 64 49 65 63 66 3 67 10 68 64 69 55 70 40 71 48 72 7 73 50 74 26 75 5 76 64 77 28 78
39 38 0 1 0 2 0 3 2 4 2 5 2 6 3 7 4 8 6 9 2 10 8 11 9 12 0 13 10 14 12 15 8 16 13 17 3 18 14 19 1 20 14 21 7 22 0 23 5 24 7 25 0 26 5 27 12 28 14 29 4 30 15 31 4 32 18 33 30 34 0 35 16 36 0 37 24 38
57 56 0 1 0 2 0 3 0 4 2 5 0 6 2 7 4 8 0 9 7 10 5 11 0 12 5 13 0 14 0 15 12 16 2 17 14 18 13 19 14 20 12 21 6 22 21 23 19 24 12 25 24 26 8 27 15 28 2 29 16 30 25 31 16 32 30 33 29 34 15 35 29 36 28 37 5 38 8 39 38 40 34 41 23 42 41 43 31 44 18 45 22 46 22 47 41 48 43 49 13 50 0 51 8 52 46 53 49 54 42 55 37 56
69 68 0 1 0 2 1 3 2 4 0 5 3 6 1 7 4 8 2 9 5 10 8 11 8 12 7 13 1 14 13 15 3 16 2 17 6 18 9 19 10 20 5 21 7 22 1 23 20 24 19 25 21 26 6 27 1 28 19 29 6 30 15 31 1 32 25 33 25 34 3 35 12 36 16 37 25 38 34 39 29 40 26 41 39 42 29 43 5 44 3 45 4 46 38 47 0 48 22 49 35 50 34 51 9 52 12 53 34 54 47 55 53 56 4 57 46 58 28 59 17 60 24 61 38 62 58 63 44 64 62 65 24 66 20 67 65 68
41 40 0 1 0 2 1 3 2 4 0 5 1 6 1 7 1 8 3 9 7 10 1 11 7 12 11 13 0 14 6 15 5 16 14 17 7 18 8 19 16 20 1 21 10 22 4 23 6 24 20 25 4 26 15 27 11 28 12 29 19 30 4 31 7 32 6 33 16 34 32 35 9 36 29 37 33 38 12 39 37 40
53 52 0 1 0 2 0 3 1 4 0 5 1 6 0 7 5 8 3 9 1 10 8 11 2 12 10 13 12 14 12 15 5 16 10 17 10 18 12 19 6 20 18 21 11 22 17 23 11 24 17 25 12 26 2 27 8 28 27 29 2 30 15 31 25 32 20 33 26 34 28 35 33 36 27 37 34 38 18 39 29 40 8 41 38 42 29 43 35 44 16 45 28 46 33 47 34 48 37 49 14 50 19 51 40 52
64 63 0 1 0 2 0 3 1 4 1 5 1 6 4 7 4 8 7 9 8 10 6 11 3 12 10 13 1 14 3 15 3 16 7 17 14 18 5 19 17 20 4 21 8 22 16 23 1 24 4 25 16 26 23 27 8 28 4 29 0 30 26 31 13 32 3 33 30 34 16 35 11 36 30 37 15 38 20 39 22 40 32 41 35 42 28 43 31 44 38 45 43 46 21 47 36 48 40 49 13 50 40 51 40 52 50 53 45 54 14 55 8 56 4 57 47 58 21 59 25 60 9 61 6 62 41 63
80 79 0 1 0 2 1 3 2 4 2 5 3 6 5 7 4 8 4 9 4 10 1 11 2 12 8 13 0 14 11 15 0 16 12 17 3 18 12 19 7 20 19 21 14 22 13 23 14 24 17 25 20 26 0 27 17 28 14 29 15 30 16 31 24 32 2 33 9 34 8 35 12 36 16 37 17 38 21 39 35 40 5 41 38 42 32 43 41 44 35 45 16 46 8 47 35 48 17 49 1 50 25 51 50 52 1 53 19 54 49 55 31 56 43 57 53 58 34 59 25 60 24 61 19 62 15 63 27 64 9 65 4 66 40 67 54 68 41 69 28 70 16 71 47 72 59 73 28 74 31 75 59 76 3 77 27 78 35 79
35 34 0 1 0 2 1 3 0 4 3 5 2 6 1 7 1 8 7 9 8 10 2 11 5 12 7 13 4 14 0 15 13 16 15 17 15 18 16 19 8 20 5 21 15 22 8 23 2 24 12 25 4 26 18 27 23 28 6 29 16 30 15 31 3 32 10 33 16 34
71 70 0 1 0 2 0 3 1 4 3 5 3 6 3 7 1 8 2 9 6 10 7 11 8 12 4 13 9 14 7 15 4 16 1 17 5 18 0 19 7 20 18 21 14 22 14 23 1 24 20 25 10 26 1 27 21 28 11 29 6 30 4 31 8 32 9 33 6 34 19 35 33 36 17 37 34 38 16 39 18 40 5 41 30 42 36 43 1 44 29 45 27 46 34 47 5 48 26 49 38 50 7 51 6 52 23 53 23 54 19 55 45 56 45 57 8 58 52 59 8 60 7 61 22 62 14 63 26 64 7 65 31 66 62 67 59 68 58 69 63 70
22 21 0 1 0 2 0 3 1 4 1 5 4 6 2 7 2 8 2 9 1 10 1 11 5 12 1 13 8 14 6 15 8 16 12 17 2 18 3 19 0 20 13 21
64 63 0 1 0 2 1 3 0 4 0 5 3 6 2 7 0 8 2 9 2 10 0 11 9 12 2 13 1 14 13 15 1 16 6 17 5 18 14 19 1 20 7 21 10 22 14 23 15 24 13 25 2 26 22 27 24 28 6 29 3 30 1 31 23 32 12 33 9 34 19 35 15 36 29 37 2 38 17 39 33 40 32 41 5 42 35 43 39 44 36 45 28 46 30 47 40 48 1 49 13 50 43 51 39 52 46 53 5 54 2 55 39 56 51 57 1 58 5 59 11 60 8 61 55 62 2 63
95 94 0 1 0 2 1 3 0 4 2 5 0 6 3 7 5 8 6 9 4 10 3 11 5 12 1 13 5 14 10 15 4 16 9 17 2 18 15 19 15 20 14 21 0 22 11 23 18 24 5 25 8 26 21 27 1 28 5 29 22 30 4 31 29 32 21 33 18 34 28 35 11 36 24 37 27 38 12 39 32 40 15 41 27 42 2 43 7 44 32 45 41 46 35 47 40 48 19 49 2 50 38 51 18 52 12 53 36 54 2 55 1 56 22 57 56 58 12 59 18 60 40 61 24 62 41 63 30 64 49 65 13 66 27 67 6 68 58 69 31 70 63 71 28 72 16 73 27 74 34 75 69 76 48 77 65 78 46 79 28 80 58 81 38 82 79 83 82 84 70 85 78 86 48 87 13 88 36 89 86 90 74 91 1 92 81 93 81 94
97 96 0 1 0 2 1 3 1 4 2 5 1 6 1 7 6 8 2 9 4 10 3 11 0 12 2 13 4 14 13 15 13 16 15 17 12 18 12 19 17 20 11 21 20 22 9 23 9 24 5 25 6 26 3 27 19 28 20 29 1 30 27 31 29 32 26 33 10 34 2 35 11 36 4 37 0 38 37 39 8 40 3 41 9 42 23 43 6 44 30 45 41 46 39 47 36 48 33 49 33 50 27 51 25 52 22 53 27 54 51 55 49 56 32 57 22 58 22 59 39 60 27 61 48 62 22 63 45 64 52 65 20 66 40 67 48 68 26 69 6 70 15 71 49 72 45 73 26 74 42 75 57 76 12 77 53 78 8 79 30 80 2 81 54 82 14 83 20 84 62 85 20 86 23 87 37 88 86 89 12 90 30 91 42 92 47 93 65 94 4 95 67 96
99 98 0 1 0 2 1 3 0 4 2 5 4 6 1 7 6 8 6 9 1 10 6 11 6 12 9 13 8 14 5 15 12 16 1 17 5 18 2 19 7 20 12 21 17 22 11 23 5 24 17 25 21 26 21 27 24 28 4 29 19 30 24 31 23 32 3 33 26 34 10 35 27 36 31 37 34 38 3 39 24 40 14 41 2 42 11 43 23 44 3 45 28 46 5 47 23 48 43 49 39 50 17 51 33 52 46 53 20 54 17 55 46 56 7 57 13 58 11 59 39 60 31 61 9 62 58 63 26 64 48 65 24 66 34 67 45 68 40 69 41 70 31 71 35 72 46 73 23 74 14 75 63 76 50 77 69 78 19 79 33 80 52 81 79 82 52 83 55 84 24 85 76 86 17 87 76 88 56 89 21 90 10 91 73 92 33 93 17 94 71 95 76 96 59 97 11 98
51 50 0 1 0 2 0 3 0 4 3 5 4 6 2 7 0 8 2 9 0 10 5 11 7 12 7 13 2 14 12 15 7 16 10 17 11 18 15 19 15 20 7 21 4 22 16 23 11 24 3 25 3 26 23 27 17 28 0 29 17 30 7 31 21 32 17 33 22 34 27 35 34 36 10 37 7 38 1 39 7 40 5 41 8 42 4 43 21 44 21 45 12 46 14 47 39 48 35 49 12 50
56 55 0 1 0 2 0 3 1 4 2 5 3 6 0 7 6 8 7 9 4 10 6 11 2 12 4 13 5 14 3 15 7 16 8 17 1 18 1 19 14 20 16 21 19 22 1 23 3 24 17 25 7 26 18 27 6 28 3 29 22 30 19 31 1 32 4 33 3 34 12 35 17 36 17 37 32 38 8 39 25 40 19 41 11 42 29 43 9 44 32 45 15 46 30 47 20 48 12 49 13 50 5 51 16 52 35 53 35 54 15 55
21 20 0 1 0 2 0 3 1 4 0 5 3 6 0 7 6 8 0 9 2 10 3 11 6 12 0 13 10 14 10 15 12 16 5 17 8 18 3 19 18 20
24 23 0 1 0 2 1 3 2 4 0 5 3 6 5 7 4 8 2 9 3 10 1 11 3 12 4 13 4 14 9 15 13 16 10 17 4 18 5 19 12 20 13 21 0 22 13 23
57 56 0 1 0 2 0 3 2 4 0 5 3 6 4 7 0 8 2 9 5 10 5 11 9 12 7 13 6 14 13 15 3 16 2 17 7 18 3 19 13 20 5 21 12 22 7 23 16 24 2 25 16 26 25 27 9 28 25 29 14 30 16 31 5 32 27 33 22 34 21 35 15 36 13 37 20 38 26 39 29 40 5 41 11 42 22 43 6 44 4 45 37 46 25 47 16 48 47 49 23 50 40 51 4 52 20 53 2 54 26 55 22 56
48 47 0 1 0 2 1 3 2 4 1 5 4 6 1 7 6 8 0 9 2 10 0 11 3 12 7 13 7 14 8 15 5 16 3 17 13 18 4 19 18 20 5 21 0 22 14 23 19 24 3 25 11 26 2 27 10 28 5 29 3 30 17 31 13 32 1 33 27 34 23 35 19 36 22 37 12 38 6 39 8 40 15 41 2 42 36 43 39 44 38 45 5 46 22 47
85 84 0 1 0 2 1 3 2 4 2 5 0 6 3 7 6 8 4 9 8 10 5 11 8 12 11 13 2 14 10 15 4 16 15 17 14 18 5 19 2 20 1 21 13 22 2 23 9 24 17 25 17 26 24 27 21 28 17 29 16 30 21 31 2 32 5 33 27 34 20 35 4 36 5 37 10 38 0 39 22 40 36 41 18 42 16 43 39 44 8 45 37 46 7 47 36 48 10 49 24 50 5 51 30 52 24 53 11 54 20 55 31 56 50 57 28 58 13 59 0 60 11 61 35 62 44 63 11 64 37 65 36 66 4 67 11 68 7 69 26 70 19 71 58 72 37 73 49 74 30 75 69 76 63 77 60 78 46 79 66 80 10 81 0 82 10 83 62 84
69 68 0 1 0 2 0 3 0 4 2 5 0 6 3 7 6 8 0 9 8 10 8 11 2 12 11 13 7 14 6 15 5 16 14 17 1 18 15 19 17 20 4 21 11 22 9 23 3 24 22 25 14 26 24 27 0 28 24 29 5 30 6 31 8 32 7 33 11 34 21 35 2 36 22 37 35 38 25 39 33 40 29 41 13 42 24 43 6 44 12 45 23 46 28 47 3 48 34 49 40 50 47 51 20 52 4 53 44 54 52 55 13 56 25 57 44 58 30 59 47 60 57 61 6 62 40 63 49 64 60 65 51 66 62 67 30 68
32 31 0 1 0 2 0 3 1 4 2 5 3 6 3 7 4 8 0 9 6 10 5 11 8 12 3 13 9 14 12 15 12 16 10 17 0 18 13 19 14 20 12 21 11 22 15 23 1 24 16 25 4 26 20 27 16 28 9 29 8 30 23 31
73 72 0 1 0 2 1 3 0 4 1 5 1 6 1 7 4 8 6 9 7 10 7 11 8 12 6 13 3 14 8 15 7 16 13 17 2 18 15 19 1 20 3 21 13 22 6 23 11 24 5 25 3 26 22 27 21 28 0 29 24 30 2 31 9 32 2 33 10 34 10 35 15 36 0 37 14 38 5 39 2 40 3 41 40 42 8 43 12 44 29 45 42 46 30 47 4 48 30 49 12 50 37 51 2 52 21 53 1 54 51 55 3 56 15 57 2 58 47 59 19 60 18 61 39 62 15 63 28 64 32 65 50 66 41 67 7 68 31 69 26 70 45 71 5 72
71 70 0 1 0 2 0 3 1 4 1 5 1 6 1 7 1 8 4 9 7 10 6 11 5 12 2 13 1 14 5 15 6 16 12 17 7 18 15 19 10 20 13 21 15 22 9 23 10 24 12 25 21 26 4 27 15 28 25 29 2 30 16 31 9 32 0 33 2 34 22 35 8 36 3 37 15 38 32 39 6 40 5 41 24 42 23 43 15 44 26 45 16 46 8 47 23 48 2 49 13 50 31 51 32 52 51 53 17 54 9 55 0 56 19 57 13 58 38 59 22 60 45 61 54 62 32 63 24 64 36 65 1 66 61 67 47 68 38 69 17 70
77 76 0 1 0 2 1 3 0 4 3 5 1 6 1 7 0 8 1 9 2 10 5 11 4 12 0 13 4 14 4 15 10 16 9 17 4 18 4 19 3 20 4 21 15 22 13 23 4 24 1 25 0 26 5 27 15 28 3 29 9 30 25 31 21 32 9 33 6 34 17 35 17 36 27 37 14 38 24 39 22 40 14 41 9 42 23 43 25 44 37 45 39 46 36 47 27 48 33 49 39 50 42 51 31 52 4 53 10 54 22 55 48 56 40 57 17 58 17 59 17 60 5 61 4 62 59 63 57 64 4 65 52 66 43 67 27 68 0 69 38 70 26 71 12 72 31 73 50 74 37 75 8 76
54 53 0 1 0 2 1 3 0 4 0 5 2 6 1 7 6 8 2 9 5 10 3 11 1 12 7 13 5 14 9 15 3 16 11 17 10 18 7 19 5 20 11 21 17 22 4 23 14 24 10 25 22 26 22 27 5 28 13 29 25 30 20 31 13 32 3 33 18 34 8 35 20 36 13 37 13 38 34 39 30 40 15 41 35 42 26 43 35 44 5 45 16 46 39 47 0 48 35 49 4 50 35 51 1 52 6 53
29 28 0 1 0 2 1 3 1 4 3 5 2 6 3 7 6 8 0 9 6 10 2 11 9 12 1 13 1 14 1 15 4 16 11 17 7 18 3 19 17 20 6 21 9 22 7 23 11 24 0 25 23 26 25 27 9 28
52 51 0 1 0 2 0 3 1 4 2 5 3 6 5 7 4 8 4 9 4 10 4 11 1 12 8 13 10 14 0 15 1 16 15 17 12 18 10 19 15 20 18 21 19 22 8 23 6 24 19 25 19 26 8 27 9 28 20 29 8 30 6 31 7 32 0 33 23 34 8 35 11 36 7 37 28 38 8 39 26 40 16 41 16 42 8 43 29 44 7 45 37 46 19 47 9 48 11 49 38 50 39 51
30 29 0 1 0 2 0 3 1 4 3 5 4 6 2 7 5 8 0 9 7 10 2 11 9 12 0 13 7 14 1 15 1 16 10 17 1 18 7 19 13 20 14 21 16 22 19 23 17 24 8 25 13 26 11 27 1 28 17 29
87 86 0 1 0 2 0 3 1 4 3 5 0 6 3 7 0 8 5 9 1 10 2 11 3 12 10 13 3 14 6 15 0 16 12 17 3 18 4 19 0 20 15 21 15 22 5 23 12 24 14 25 21 26 13 27 22 28 22 29 15 30 5 31 1 32 5 33 11 34 21 35 29 36 2 37 15 38 27 39 3 40 22 41 34 42 17 43 31 44 13 45 7 46 23 47 21 48 37 49 42 50 30 51 24 52 21 53 15 54 38 55 48 56 13 57 7 58 30 59 2 60 55 61 18 62 5 63 10 64 7 65 23 66 23 67 41 68 30 69 9 70 69 71 18 72 42 73 22 74 71 75 14 76 11 77 28 78 19 79 59 80 31 81 37 82 48 83 22 84 46 85 46 86
50 49 0 1 0 2 1 3 0 4 3 5 2 6 2 7 3 8 7 9 4 10 5 11 0 12 4 13 4 14 10 15 5 16 0 17 8 18 15 19 16 20 1 21 5 22 5 23 22 24 5 25 19 26 9 27 10 28 23 29 13 30 25 31 0 32 4 33 21 34 15 35 15 36 21 37 0 38 6 39 32 40 18 41 16 42 28 43 29 44 41 45 17 46 24 47 36 48 17 49
19 18 0 1 0 2 0 3 1 4 0 5 2 6 4 7 5 8 3 9 2 10 2 11 3 12 3 13 0 14 3 15 12 16 11 17 9 18
83 82 0 1 0 2 0 3 0 4 2 5 1 6 1 7 4 8 0 9 2 10 9 11 7 12 8 13 3 14 11 15 3 16 5 17 1 18 10 19 4 20 3 21 20 22 11 23 3 24 20 25 23 26 9 27 25 28 8 29 23 30 3 31 28 32 25 33 14 34 31 35 3 36 35 37 2 38 6 39 7 40 28 41 14 42 7 43 39 44 37 45 11 46 19 47 1 48 30 49 33 50 12 51 6 52 18 53 4 54 17 55 35 56 21 57 38 58 48 59 16 60 43 61 32 62 3 63 13 64 8 65 57 66 46 67 7 68 31 69 23 70 56 71 67 72 37 73 10 74 6 75 61 76 68 77 49 78 21 79 31 80 12 81 69 82
41 40 0 1 0 2 0 3 2 4 2 5 0 6 5 7 3 8 5 9 7 10 9 11 3 12 1 13 3 14 12 15 11 16 13 17 12 18 1 19 2 20 2 21 5 22 10 23 7 24 14 25 11 26 4 27 17 28 15 29 2 30 14 31 17 32 5 33 16 34 2 35 29 36 15 37 21 38 2 39 30 40
56 55 0 1 0 2 1 3 2 4 0 5 1 6 2 7 2 8 7 9 4 10 9 11 1 12 6 13 7 14 12 15 12 16 10 17 5 18 5 19 17 20 6 21 16 22 4 23 22 24 16 25 21 26 20 27 1 28 22 29 25 30 22 31 19 32 24 33 15 34 4 35 32 36 20 37 35 38 30 39 0 40 4 41 35 42 33 43 29 44 9 45 3 46 3 47 21 48 34 49 23 50 38 51 8 52 5 53 43 54 50 55
57 56 0 1 0 2 0 3 1 4 3 5 1 6 2 7 4 8 0 9 4 10 2 11 2 12 2 13 11 14 5 15 0 16 6 17 11 18 0 19 14 20 17 21 6 22 7 23 1 24 10 25 18 26 2 27 2 28 14 29 15 30 7 31 8 32 31 33 4 34 6 35 7 36 21 37 0 38 14 39 13 40 15 41 35 42 0 43 19 44 11 45 4 46 25 47 26 48 24 49 37 50 1 51 47 52 2 53 0 54 43 55 40 56
39 38 0 1 0 2 0 3 1 4 3 5 1 6 1 7 1 8 3 9 5 10 2 11 7 12 2 13 11 14 9 15 13 16 1 17 7 18 5 19 16 20 4 21 12 22 2 23 7 24 23 25 15 26 21 27 5 28 1 29 20 30 18 31 28 32 4 33 22 34 8 35 24 36 26 37 0 38
89 88 0 1 0 2 0 3 1 4 3 5 2 6 4 7 2 8 4 9 4 10 2 11 5 12 7 13 5 14 2 15 14 16 9 17 14 18 3 19 2 20 2 21 12 22 4 23 2 24 15 25 10 26 21 27 1 28 18 29 18 30 17 31 15 32 23 33 5 34 32 35 33 36 23 37 34 38 15 39 14 40 38 41 40 42 3 43 22 44 8 45 41 46 20 47 40 48 21 49 37 50 8 51 21 52 37 53 11 54 26 55 20 56 13 57 0 58 34 59 46 60 41 61 36 62 3 63 12 64 30 65 12 66 0 67 35 68 67 69 0 70 40 71 14 72 25 73 42 74 7 75 19 76 72 77 14 78 22 79 24 80 31 81 23 82 73 83 65 84 65 85 71 86 4 87 56 88
25 24 0 1 0 2 0 3 1 4 2 5 4 6 0 7 0 8 7 9 3 10 1 11 5 12 8 13 3 14 0 15 3 16 7 17 4 18 1 19 5 20 1 21 15 22 12 23 6 24
55 54 0 1 0 2 0 3 0 4 0 5 1 6 2 7 4 8 6 9 2 10 1 11 3 12 8 13 5 14 7 15 6 16 11 17 7 18 5 19 17 20 4 21 17 22 2 23 8 24 4 25 20 26 21 27 11 28 23 29 11 30 25 31 5 32 26 33 20 34 22 35 11 36 34 37 27 38 35 39 27 40 21 41 9 42 40 43 11 44 40 45 41 46 30 47 21 48 28 49 38 50 6 51 17 52 34 53 35 54
69 68 0 1 0 2 1 3 0 4 2 5 2 6 4 7 1 8 2 9 4 10 0 11 7 12 3 13 0 14 0 15 6 16 13 17 6 18 8 19 18 20 17 21 0 22 18 23 7 24 13 25 3 26 10 27 14 28 3 29 25 30 4 31 1 32 29 33 20 34 25 35 13 36 9 37 27 38 26 39 31 40 31 41 16 42 27 43 2 44 17 45 10 46 14 47 30 48 17 49 39 50 48 51 49 52 41 53 42 54 38 55 11 56 33 57 53 58 57 59 41 60 31 61 16 62 3 63 29 64 40 65 5 66 62 67 51 68
32 31 0 1 0 2 1 3 2 4 2 5 2 6 5 7 4 8 6 9 4 10 7 11 10 12 4 13 1 14 9 15 1 16 3 17 9 18 1 19 8 20 3 21 0 22 15 23 19 24 6 25 10 26 22 27 15 28 15 29 9 30 17 31
69 68 0 1 0 2 1 3 0 4 2 5 1 6 0 7 6 8 4 9 6 10 7 11 2 12 11 13 4 14 5 15 14 16 0 17 7 18 8 19 17 20 0 21 4 22 3 23 14 24 4 25 15 26 9 27 20 28 23 29 24 30 27 31 13 32 12 33 11 34 27 35 7 36 8 37 26 38 26 39 12 40 22 41 12 42 13 43 1 44 19 45 16 46 24 47 29 48 44 49 32 50 7 51 36 52 15 53 10 54 0 55 9 56 19 57 1 58 0 59 20 60 4 61 36 62 33 63 59 64 28 65 22 66 0 67 1 68
26 25 0 1 0 2 1 3 2 4 3 5 2 6 4 7 3 8 4 9 6 10 4 11 0 12 7 13 5 14 2 15 6 16 5 17 7 18 2 19 12 20 11 21 20 22 10 23 18 24 8 25
95 94 0 1 0 2 1 3 0 4 3 5 0 6 1 7 1 8 5 9 4 10 2 11 1 12 10 13 10 14 7 15 12 16 5 17 9 18 7 19 2 20 15 21 11 22 4 23 8 24 14 25 2 26 19 27 22 28 19 29 28 30 8 31 24 32 3 33 14 34 11 35 28 36 17 37 20 38 1 39 31 40 7 41 39 42 37 43 3 44 0 45 6 46 2 47 42 48 15 49 16 50 16 51 20 52 2 53 41 54 32 55 40 56 9 57 47 58 51 59 3 60 12 61 39 62 3 63 20 64 41 65 51 66 16 67 2 68 1 69 11 70 4 71 4 72 41 73 49 74 6 75 16 76 64 77 4 78 15 79 27 80 52 81 25 82 78 83 20 84 61 85 9 86 58 87 48 88 43 89 26 90 52 91 88 92 77 93 46 94
94 93 0 1 0 2 1 3 2 4 3 5 2 6 1 7 5 8 5 9 5 10 6 11 0 12 1 13 6 14 12 15 8 16 3 17 11 18 13 19 3 20 12 21 6 22 3 23 13 24 18 25 24 26 16 27 11 28 20 29 25 30 26 31 13 32 24 33 22 34 4 35 4 36 2 37 18 38 24 39 25 40 38 41 21 42 34 43 31 44 12 45 11 46 29 47 11 48 20 49 20 50 44 51 33 52 33 53 33 54 15 55 41 56 31 57 40 58 23 59 54 60 40 61 25 62 6 63 56 64 51 65 37 66 17 67 19 68 54 69 37 70 29 71 15 72 13 73 1 74 5 75 61 76 56 77 22 78 32 79 16 80 5 81 8 82 60 83 35 84 14 85 61 86 9 87 31 88 3 89 54 90 40 91 76 92 79 93
69 68 0 1 0 2 1 3 0 4 2 5 3 6 0 7 3 8 7 9 7 10 3 11 7 12 1 13 2 14 8 15 14 16 15 17 15 18 6 19 2 20 5 21 18 22 12 23 3 24 2 25 24 26 21 27 0 28 5 29 15 30 28 31 30 32 11 33 11 34 5 35 31 36 24 37 31 38 17 39 1 40 39 41 26 42 2 43 19 44 36 45 15 46 4 47 41 48 26 49 15 50 20 51 12 52 41 53 49 54 31 55 16 56 25 57 29 58 14 59 15 60 57 61 43 62 12 63 27 64 42 65 2 66 26 67 52 68
43 42 0 1 0 2 0 3 1 4 0 5 3 6 3 7 6 8 4 9 5 10 9 11 0 12 8 13 8 14 10 15 7 16 4 17 12 18 2 19 4 20 8 21 11 22 15 23 15 24 12 25 22 26 12 27 14 28 10 29 15 30 4 31 4 32 22 33 2 34 4 35 34 36 33 37 24 38 21 39 23 40 20 41 17 42
53 52 0 1 0 2 0 3 0 4 1 5 1 6 5 7 0 8 7 9 1 10 4 11 10 12 10 13 7 14 11 15 2 16 8 17 6 18 5 19 5 20 13 21 15 22 18 23 17 24 3 25 5 26 11 27 18 28 18 29 3 30 1 31 17 32 6 33 25 34 10 35 29 36 20 37 19 38 25 39 0 40 30 41 27 42 37 43 6 44 33 45 21 46 4 47 42 48 29 49 43 50 33 51 24 52
11 10 0 1 0 2 1 3 1 4 2 5 0 6 1 7 6 8 6 9 4 10
