100
78 77 0 1 0 2 1 3 1 4 0 5 3 6 4 7 1 8 4 9 4 10 3 11 7 12 4 13 9 14 13 15 12 16 8 17 6 18 14 19 1 20 2 21 3 22 19 23 13 24 11 25 1 26 23 27 10 28 6 29 20 30 15 31 8 32 14 33 28 34 4 35 24 36 19 37 3 38 25 39 22 40 27 41 2 42 39 43 25 44 30 45 13 46 27 47 19 48 32 49 12 50 23 51 33 52 12 53 46 54 10 55 39 56 24 57 30 58 13 59 32 60 35 61 48 62 7 63 44 64 37 65 54 66 27 67 32 68 25 69 43 70 38 71 15 72 10 73 67 74 12 75 61 76 26 77
42 41 0 1 0 2 0 3 2 4 1 5 1 6 4 7 2 8 2 9 4 10 1 11 4 12 4 13 6 14 4 15 13 16 13 17 16 18 3 19 15 20 7 21 11 22 6 23 21 24 22 25 9 26 1 27 16 28 0 29 8 30 11 31 17 32 2 33 31 34 21 35 2 36 6 37 15 38 31 39 22 40 13 41
35 34 0 1 0 2 0 3 1 4 2 5 1 6 4 7 0 8 1 9 2 10 2 11 10 12 6 13 5 14 4 15 10 16 9 17 13 18 14 19 12 20 2 21 10 22 10 23 4 24 9 25 15 26 3 27 19 28 1 29 5 30 1 31 14 32 6 33 15 34
40 39 0 1 0 2 1 3 1 4 3 5 3 6 0 7 1 8 1 9 2 10 0 11 5 12 5 13 1 14 4 15 0 16 4 17 8 18 13 19 7 20 3 21 10 22 12 23 14 24 15 25 8 26 20 27 0 28 2 29 8 30 0 31 20 32 16 33 10 34 20 35 29 36 10 37 17 38 10 39
34 33 0 1 0 2 0 3 2 4 0 5 0 6 2 7 1 8 2 9 5 10 7 11 10 12 6 13 4 14 7 15 13 16 1 17 3 18 4 19 1 20 19 21 19 22 20 23 13 24 0 25 15 26 10 27 13 28 14 29 8 30 16 31 14 32 14 33
90 89 0 1 0 2 0 3 1 4 1 5 1 6 1 7 3 8 0 9 3 10 4 11 7 12 8 13 1 14 9 15 12 16 14 17 5 18 8 19 12 20 18 21 19 22 18 23 20 24 12 25 23 26 10 27 11 28 23 29 23 30 12 31 7 32 28 33 7 34 7 35 33 36 30 37 19 38 26 39 7 40 32 41 1 42 28 43 20 44 24 45 7 46 30 47 5 48 12 49 42 50 12 51 19 52 49 53 28 54 50 55 36 56 54 57 46 58 25 59 39 60 23 61 29 62 10 63 60 64 62 65 59 66 11 67 10 68 63 69 55 70 25 71 25 72 26 73 37 74 35 75 50 76 51 77 11 78 66 79 6 80 45 81 25 82 66 83 52 84 22 85 79 86 11 87 21 88 64 89
38 37 0 1 0 2 1 3 1 4 3 5 0 6 1 7 6 8 0 9 2 10 6 11 2 12 1 13 5 14 8 15 4 16 10 17 5 18 1 19 9 20 3 21 10 22 0 23 4 24 1 25 10 26 21 27 15 28 15 29 7 30 15 31 0 32 1 33 4 34 31 35 11 36 29 37
52 51 0 1 0 2 1 3 2 4 0 5 1 6 3 7 3 8 5 9 2 10 8 11 7 12 1 13 2 14 10 15 12 16 0 17 13 18 1 19 0 20 15 21 20 22 0 23 12 24 10 25 24 26 2 27 25 28 20 29 9 30 7 31 15 32 31 33 21 34 2 35 18 36 3 37 24 38 31 39 30 40 2 41 2 42 29 43 14 44 20 45 13 46 5 47 9 48 38 49 4 50 3 51
20 19 0 1 0 2 0 3 1 4 1 5 3 6 2 7 1 8 0 9 2 10 1 11 4 12 6 13 7 14 11 15 0 16 10 17 2 18 6 19
46 45 0 1 0 2 0 3 1 4 0 5 2 6 5 7 0 8 7 9 1 10 9 11 5 12 1 13 8 14 13 15 5 16 15 17 12 18 12 19 10 20 18 21 0 22 3 23 22 24 12 25 1 26 10 27 0 28 14 29 9 30 10 31 16 32 18 33 5 34 4 35 20 36 13 37 22 38 24 39 18 40 34 41 18 42 26 43 9 44 34 45
8 7 0 1 0 2 1 3 2 4 3 5 2 6 3 7
92 91 0 1 0 2 1 3 1 4 2 5 0 6 0 7 3 8 7 9 4 10 3 11 9 12 7 13 1 14 0 15 0 16 6 17 5 18 12 19 17 20 19 21 18 22 8 23 20 24 13 25 22 26 5 27 19 28 4 29 16 30 11 31 26 32 26 33 16 34 8 35 2 36 5 37 27 38 27 39 34 40 13 41 22 42 21 43 26 44 20 45 34 46 26 47 44 48 29 49 12 50 4 51 42 52 47 53 40 54 36 55 36 56 45 57 12 58 55 59 31 60 9 61 1 62 13 63 28 64 20 65 18 66 33 67 42 68 22 69 11 70 16 71 49 72 21 73 57 74 26 75 26 76 8 77 60 78 12 79 57 80 14 81 5 82 76 83 0 84 44 85 15 86 44 87 27 88 11 89 35 90 18 91
90 89 0 1 0 2 0 3 0 4 2 5 1 6 4 7 2 8 1 9 0 10 5 11 8 12 8 13 10 14 10 15 7 16 6 17 9 18 5 19 0 20 11 21 9 22 8 23 9 24 21 25 3 26 0 27 0 28 19 29 22 30 21 31 8 32 31 33 23 34 21 35 31 36 35 37 35 38 9 39 33 40 2 41 37 42 25 43 38 44 43 45 29 46 29 47 28 48 0 49 20 50 2 51 45 52 30 53 39 54 12 55 52 56 41 57 14 58 5 59 26 60 11 61 26 62 43 63 46 64 63 65 15 66 60 67 23 68 46 69 26 70 9 71 7 72 4 73 56 74 47 75 14 76 49 77 51 78 16 79 42 80 69 81 69 82 77 83 42 84 71 85 18 86 28 87 41 88 42 89
94 93 0 1 0 2 1 3 1 4 3 5 0 6 1 7 5 8 1 9 6 10 1 11 7 12 7 13 8 14 9 15 10 16 7 17 12 18 8 19 18 20 0 21 8 22 19 23 18 24 18 25 17 26 5 27 7 28 14 29 1 30 19 31 25 32 18 33 7 34 7 35 2 36 21 37 3 38 33 39 10 40 37 41 32 42 21 43 25 44 2 45 41 46 23 47 17 48 25 49 34 50 30 51 0 52 23 53 13 54 4 55 11 56 17 57 55 58 35 59 16 60 35 61 30 62 23 63 23 64 1 65 14 66 57 67 37 68 4 69 29 70 18 71 29 72 46 73 33 74 70 75 0 76 19 77 1 78 73 79 42 80 35 81 19 82 4 83 28 84 49 85 46 86 52 87 83 88 20 89 79 90 2 91 22 92 59 93
9 8 0 1 0 2 0 3 2 4 2 5 0 6 3 7 0 8
72 71 0 1 0 2 1 3 1 4 0 5 3 6 3 7 0 8 3 9 5 10 1 11 4 12 8 13 1 14 5 15 7 16 14 17 7 18 7 19 15 20 2 21 12 22 15 23 6 24 10 25 11 26 25 27 1 28 5 29 24 30 17 31 17 32 26 33 8 34 31 35 12 36 27 37 20 38 21 39 23 40 36 41 6 42 16 43 33 44 18 45 18 46 21 47 13 48 16 49 32 50 39 51 13 52 7 53 48 54 53 55 21 56 42 57 34 58 27 59 25 60 47 61 29 62 35 63 47 64 31 65 45 66 55 67 0 68 45 69 65 70 34 71
97 96 0 1 0 2 0 3 0 4 3 5 1 6 4 7 0 8 3 9 0 10 3 11 3 12 4 13 11 14 13 15 12 16 6 17 14 18 13 19 3 20 10 21 9 22 1 23 4 24 19 25 18 26 13 27 19 28 13 29 24 30 5 31 10 32 13 33 24 34 7 35 21 36 7 37 32 38 8 39 17 40 6 41 11 42 36 43 24 44 32 45 26 46 31 47 46 48 39 49 47 50 15 51 1 52 18 53 3 54 21 55 2 56 54 57 50 58 17 59 50 60 40 61 4 62 13 63 53 64 20 65 5 66 43 67 24 68 55 69 55 70 28 71 51 72 37 73 65 74 12 75 55 76 0 77 60 78 37 79 46 80 61 81 14 82 20 83 64 84 79 85 77 86 37 87 21 88 65 89 45 90 25 91 20 92 67 93 12 94 79 95 77 96
84 83 0 1 0 2 0 3 0 4 1 5 0 6 5 7 4 8 5 9 5 10 9 11 3 12 5 13 12 14 12 15 5 16 0 17 0 18 9 19 17 20 7 21 15 22 12 23 21 24 8 25 5 26 20 27 20 28 1 29 14 30 2 31 0 32 10 33 15 34 1 35 33 36 19 37 25 38 9 39 28 40 23 41 16 42 34 43 28 44 42 45 33 46 10 47 45 48 40 49 31 50 47 51 40 52 8 53 13 54 32 55 4 56 23 57 34 58 34 59 11 60 36 61 23 62 46 63 32 64 17 65 54 66 0 67 3 68 49 69 42 70 2 71 31 72 37 73 32 74 1 75 70 76 24 77 7 78 76 79 1 80 21 81 62 82 80 83
61 60 0 1 0 2 0 3 1 4 0 5 0 6 4 7 5 8 5 9 3 10 1 11 6 12 5 13 2 14 7 15 7 16 15 17 11 18 9 19 9 20 17 21 3 22 1 23 21 24 19 25 2 26 11 27 6 28 3 29 12 30 16 31 14 32 27 33 22 34 3 35 17 36 4 37 0 38 12 39 4 40 4 41 11 42 38 43 25 44 24 45 1 46 5 47 12 48 38 49 0 50 22 51 31 52 44 53 8 54 32 55 42 56 33 57 43 58 15 59 4 60
45 44 0 1 0 2 1 3 2 4 0 5 3 6 4 7 6 8 2 9 1 10 5 11 3 12 0 13 7 14 1 15 0 16 6 17 12 18 0 19 3 20 12 21 0 22 10 23 7 24 1 25 3 26 15 27 1 28 19 29 28 30 6 31 25 32 2 33 7 34 23 35 28 36 15 37 20 38 10 39 28 40 36 41 26 42 21 43 31 44
47 46 0 1 0 2 0 3 0 4 2 5 4 6 5 7 1 8 2 9 2 10 8 11 0 12 2 13 4 14 10 15 11 16 12 17 12 18 0 19 4 20 10 21 19 22 16 23 1 24 1 25 0 26 8 27 11 28 8 29 9 30 3 31 9 32 0 33 9 34 25 35 22 36 3 37 28 38 30 39 36 40 27 41 36 42 35 43 40 44 23 45 44 46
31 30 0 1 0 2 0 3 2 4 0 5 1 6 5 7 3 8 2 9 6 10 4 11 2 12 5 13 7 14 6 15 4 16 1 17 6 18 2 19 2 20 12 21 19 22 0 23 15 24 16 25 9 26 11 27 5 28 12 29 21 30
81 80 0 1 0 2 1 3 1 4 2 5 0 6 0 7 0 8 1 9 1 10 8 11 10 12 8 13 1 14 0 15 0 16 14 17 13 18 5 19 16 20 8 21 1 22 9 23 16 24 1 25 17 26 22 27 19 28 1 29 20 30 27 31 5 32 20 33 12 34 20 35 20 36 2 37 9 38 35 39 24 40 22 41 17 42 21 43 13 44 8 45 10 46 39 47 23 48 40 49 15 50 37 51 22 52 45 53 44 54 15 55 12 56 52 57 1 58 46 59 54 60 45 61 45 62 51 63 16 64 27 65 2 66 28 67 57 68 64 69 6 70 49 71 43 72 2 73 63 74 2 75 4 76 69 77 53 78 35 79 64 80
47 46 0 1 0 2 1 3 2 4 1 5 1 6 0 7 4 8 5 9 5 10 0 11 1 12 11 13 0 14 4 15 14 16 7 17 15 18 0 19 4 20 4 21 3 22 6 23 11 24 7 25 17 26 10 27 0 28 3 29 6 30 18 31 11 32 0 33 18 34 13 35 31 36 34 37 17 38 29 39 38 40 32 41 13 42 41 43 40 44 41 45 26 46
97 96 0 1 0 2 0 3 2 4 2 5 3 6 5 7 5 8 2 9 7 10 4 11 9 12 2 13 7 14 13 15 10 16 4 17 5 18 5 19 0 20 10 21 6 22 19 23 14 24 1 25 1 26 12 27 7 28 25 29 4 30 20 31 28 32 21 33 7 34 32 35 27 36 5 37 18 38 29 39 1 40 38 41 13 42 10 43 0 44 33 45 0 46 5 47 41 48 5 49 32 50 16 51 19 52 8 53 8 54 27 55 19 56 34 57 25 58 19 59 56 60 23 61 32 62 47 63 45 64 32 65 34 66 33 67 60 68 31 69 7 70 39 71 23 72 10 73 46 74 12 75 22 76 41 77 15 78 37 79 64 80 58 81 34 82 43 83 61 84 49 85 83 86 69 87 51 88 29 89 15 90 48 91 48 92 79 93 76 94 76 95 7 96
19 18 0 1 0 2 0 3 2 4 2 5 3 6 4 7 3 8 1 9 2 10 4 11 5 12 8 13 12 14 6 15 3 16 1 17 13 18
28 27 0 1 0 2 1 3 1 4 3 5 4 6 4 7 3 8 3 9 2 10 8 11 0 12 3 13 11 14 9 15 0 16 7 17 14 18 1 19 15 20 7 21 15 22 5 23 16 24 5 25 12 26 4 27
49 48 0 1 0 2 1 3 1 4 3 5 0 6 3 7 2 8 3 9 2 10 6 11 8 12 3 13 10 14 7 15 12 16 7 17 7 18 3 19 16 20 3 21 4 22 6 23 12 24 1 25 18 26 23 27 1 28 25 29 11 30 4 31 1 32 7 33 6 34 0 35 27 36 6 37 0 38 8 39 0 40 20 41 19 42 10 43 31 44 19 45 3 46 35 47 27 48
79 78 0 1 0 2 1 3 1 4 1 5 1 6 0 7 6 8 0 9 0 10 5 11 4 12 0 13 9 14 11 15 8 16 1 17 12 18 14 19 5 20 18 21 4 22 11 23 18 24 8 25 7 26 4 27 3 28 27 29 7 30 14 31 12 32 30 33 15 34 20 35 30 36 31 37 17 38 20 39 9 40 25 41 24 42 40 43 34 44 40 45 40 46 4 47 29 48 39 49 14 50 29 51 14 52 40 53 46 54 52 55 28 56 30 57 7 58 43 59 51 60 30 61 32 62 13 63 8 64 36 65 37 66 51 67 26 68 30 69 18 70 35 71 5 72 70 73 3 74 15 75 55 76 57 77 26 78
61 60 0 1 0 2 1 3 2 4 0 5 0 6 3 7 2 8 6 9 8 10 6 11 5 12 1 13 9 14 7 15 9 16 10 17 16 18 13 19 2 20 11 21 17 22 17 23 17 24 6 25 10 26 23 27 25 28 16 29 2 30 15 31 1 32 11 33 16 34 9 35 27 36 14 37 14 38 16 39 8 40 27 41 20 42 17 43 29 44 10 45 37 46 28 47 23 48 35 49 14 50 46 51 18 52 9 53 10 54 49 55 11 56 37 57 40 58 54 59 41 60
57 56 0 1 0 2 0 3 1 4 1 5 3 6 4 7 1 8 6 9 3 10 8 11 6 12 11 13 6 14 1 15 11 16 15 17 1 18 13 19 16 20 7 21 19 22 3 23 4 24 11 25 21 26 1 27 4 28 1 29 20 30 28 31 29 32 24 33 11 34 24 35 13 36 6 37 2 38 2 39 3 40 19 41 1 42 22 43 6 44 12 45 40 46 3 47 44 48 35 49 20 50 41 51 46 52 2 53 27 54 37 55 49 56
56 55 0 1 0 2 0 3 1 4 2 5 3 6 5 7 5 8 7 9 6 10 2 11 4 12 3 13 4 14 7 15 6 16 0 17 3 18 3 19 2 20 12 21 10 22 11 23 3 24 4 25 8 26 8 27 17 28 7 29 10 30 8 31 29 32 12 33 16 34 18 35 24 36 3 37 6 38 8 39 19 40 28 41 22 42 7 43 4 44 3 45 1 46 37 47 22 48 3 49 2 50 41 51 21 52 5 53 11 54 38 55
2 1 0 1
83 82 0 1 0 2 0 3 1 4 2 5 1 6 4 7 2 8 6 9 3 10 5 11 9 12 7 13 1 14 12 15 14 16 11 17 9 18 16 19 1 20 9 21 15 22 11 23 21 24 6 25 8 26 11 27 14 28 14 29 13 30 6 31 4 32 20 33 18 34 15 35 30 36 30 37 3 38 6 39 23 40 33 41 29 42 20 43 24 44 43 45 14 46 4 47 37 48 14 49 25 50 8 51 21 52 25 53 21 54 17 55 20 56 5 57 36 58 24 59 17 60 10 61 29 62 37 63 35 64 55 65 27 66 49 67 44 68 39 69 64 70 26 71 39 72 14 73 42 74 8 75 11 76 12 77 19 78 74 79 4 80 17 81 39 82
50 49 0 1 0 2 1 3 0 4 1 5 3 6 5 7 1 8 5 9 0 10 1 11 0 12 7 13 12 14 0 15 10 16 7 17 10 18 3 19 1 20 12 21 4 22 3 23 13 24 23 25 16 26 16 27 1 28 25 29 25 30 14 31 20 32 16 33 32 34 22 35 33 36 34 37 6 38 26 39 1 40 30 41 15 42 26 43 38 44 35 45 21 46 2 47 10 48 5 49
71 70 0 1 0 2 1 3 0 4 2 5 1 6 0 7 6 8 0 9 1 10 6 11 2 12 10 13 4 14 9 15 13 16 6 17 12 18 11 19 0 20 15 21 3 22 2 23 21 24 22 25 19 26 24 27 22 28 24 29 16 30 23 31 21 32 22 33 3 34 29 35 24 36 27 37 19 38 18 39 36 40 32 41 13 42 35 43 9 44 27 45 19 46 11 47 31 48 42 49 24 50 17 51 38 52 7 53 2 54 35 55 14 56 28 57 40 58 21 59 24 60 15 61 36 62 32 63 12 64 10 65 9 66 14 67 43 68 25 69 26 70
23 22 0 1 0 2 0 3 2 4 0 5 2 6 2 7 5 8 6 9 3 10 2 11 2 12 11 13 11 14 2 15 7 16 7 17 2 18 2 19 12 20 8 21 11 22
28 27 0 1 0 2 0 3 1 4 0 5 0 6 4 7 5 8 4 9 2 10 1 11 8 12 2 13 2 14 13 15 12 16 11 17 16 18 10 19 17 20 9 21 10 22 3 23 10 24 18 25 8 26 10 27
81 80 0 1 0 2 1 3 1 4 1 5 2 6 1 7 3 8 4 9 8 10 9 11 1 12 11 13 11 14 13 15 1 16 2 17 11 18 15 19 15 20 5 21 2 22 17 23 12 24 5 25 0 26 4 27 9 28 19 29 14 30 2 31 5 32 16 33 10 34 0 35 17 36 26 37 20 38 35 39 26 40 12 41 5 42 10 43 16 44 30 45 32 46 25 47 23 48 27 49 47 50 35 51 34 52 7 53 47 54 53 55 35 56 1 57 33 58 15 59 7 60 58 61 1 62 49 63 55 64 32 65 4 66 48 67 27 68 16 69 48 70 45 71 39 72 19 73 47 74 23 75 46 76 13 77 64 78 66 79 36 80
44 43 0 1 0 2 1 3 1 4 0 5 2 6 1 7 2 8 7 9 4 10 4 11 4 12 1 13 1 14 6 15 2 16 14 17 6 18 9 19 16 20 4 21 17 22 6 23 19 24 9 25 17 26 16 27 2 28 0 29 10 30 26 31 29 32 11 33 29 34 19 35 18 36 17 37 35 38 24 39 19 40 8 41 7 42 41 43
60 59 0 1 0 2 1 3 0 4 3 5 2 6 5 7 1 8 1 9 0 10 1 11 7 12 10 13 10 14 7 15 9 16 1 17 8 18 16 19 9 20 13 21 4 22 12 23 9 24 12 25 11 26 11 27 14 28 4 29 3 30 14 31 9 32 14 33 15 34 4 35 5 36 31 37 31 38 10 39 13 40 6 41 0 42 9 43 37 44 22 45 1 46 19 47 25 48 18 49 4 50 25 51 44 52 21 53 20 54 31 55 32 56 23 57 30 58 19 59
72 71 0 1 0 2 1 3 1 4 1 5 3 6 4 7 3 8 4 9 4 10 5 11 9 12 1 13 8 14 12 15 7 16 11 17 15 18 0 19 16 20 5 21 9 22 1 23 17 24 14 25 0 26 16 27 24 28 17 29 9 30 24 31 1 32 21 33 23 34 7 35 14 36 23 37 24 38 26 39 15 40 37 41 18 42 9 43 30 44 11 45 39 46 34 47 6 48 41 49 38 50 7 51 18 52 3 53 12 54 17 55 34 56 1 57 25 58 28 59 18 60 36 61 52 62 48 63 0 64 13 65 41 66 51 67 49 68 49 69 24 70 0 71
15 14 0 1 0 2 0 3 2 4 3 5 2 6 2 7 0 8 6 9 7 10 7 11 8 12 3 13 1 14
46 45 0 1 0 2 1 3 2 4 0 5 1 6 2 7 2 8 6 9 1 10 0 11 7 12 3 13 12 14 10 15 6 16 5 17 3 18 13 19 12 20 2 21 2 22 14 23 8 24 2 25 2 26 21 27 21 28 21 29 23 30 1 31 18 32 23 33 12 34 23 35 25 36 1 37 21 38 36 39 21 40 18 41 40 42 15 43 26 44 9 45
25 24 0 1 0 2 0 3 1 4 3 5 1 6 1 7 6 8 2 9 0 10 4 11 6 12 8 13 12 14 10 15 11 16 8 17 6 18 11 19 0 20 8 21 7 22 1 23 13 24
66 65 0 1 0 2 1 3 1 4 3 5 2 6 5 7 4 8 1 9 1 10 6 11 6 12 5 13 6 14 3 15 5 16 0 17 3 18 10 19 0 20 17 21 4 22 6 23 8 24 22 25 3 26 12 27 20 28 13 29 25 30 2 31 15 32 29 33 9 34 2 35 29 36 15 37 21 38 15 39 33 40 28 41 9 42 19 43 9 44 40 45 25 46 22 47 31 48 46 49 6 50 12 51 49 52 23 53 1 54 39 55 12 56 0 57 11 58 56 59 28 60 52 61 12 62 38 63 56 64 4 65
69 68 0 1 0 2 1 3 0 4 3 5 2 6 1 7 2 8 6 9 1 10 2 11 2 12 11 13 4 14 0 15 2 16 2 17 3 18 9 19 9 20 18 21 5 22 8 23 9 24 17 25 3 26 15 27 24 28 19 29 14 30 21 31 30 32 26 33 8 34 15 35 7 36 30 37 16 38 12 39 19 40 2 41 20 42 14 43 37 44 11 45 18 46 17 47 34 48 0 49 21 50 36 51 49 52 49 53 45 54 25 55 14 56 48 57 38 58 15 59 34 60 49 61 59 62 52 63 32 64 9 65 45 66 58 67 61 68
15 14 0 1 0 2 1 3 0 4 1 5 2 6 5 7 3 8 1 9 1 10 3 11 2 12 9 13 7 14
33 32 0 1 0 2 0 3 0 4 1 5 4 6 4 7 3 8 1 9 2 10 5 11 8 12 9 13 8 14 13 15 8 16 15 17 3 18 9 19 11 20 9 21 19 22 15 23 15 24 2 25 12 26 8 27 19 28 18 29 25 30 27 31 8 32
54 53 0 1 0 2 0 3 0 4 2 5 1 6 1 7 0 8 7 9 8 10 4 11 9 12 10 13 6 14 0 15 5 16 8 17 1 18 14 19 3 20 0 21 7 22 19 23 3 24 20 25 12 26 22 27 22 28 18 29 14 30 8 31 19 32 18 33 27 34 5 35 13 36 22 37 21 38 16 39 6 40 0 41 28 42 31 43 17 44 29 45 26 46 17 47 15 48 14 49 39 50 49 51 8 52 43 53
89 88 0 1 0 2 1 3 2 4 2 5 0 6 5 7 5 8 2 9 5 10 5 11 1 12 1 13 1 14 13 15 12 16 2 17 6 18 12 19 18 20 19 21 18 22 9 23 4 24 7 25 2 26 25 27 3 28 1 29 19 30 6 31 28 32 19 33 32 34 22 35 28 36 0 37 28 38 33 39 17 40 11 41 38 42 37 43 6 44 39 45 9 46 41 47 10 48 30 49 31 50 38 51 8 52 11 53 8 54 19 55 54 56 6 57 25 58 0 59 3 60 12 61 28 62 29 63 38 64 22 65 62 66 61 67 10 68 61 69 8 70 58 71 5 72 27 73 35 74 7 75 25 76 56 77 19 78 50 79 14 80 18 81 28 82 68 83 7 84 62 85 18 86 22 87 82 88
69 68 0 1 0 2 0 3 0 4 2 5 2 6 0 7 6 8 0 9 7 10 2 11 5 12 3 13 6 14 5 15 13 16 12 17 1 18 5 19 10 20 3 21 9 22 20 23 21 24 11 25 2 26 19 27 26 28 14 29 28 30 4 31 0 32 0 33 16 34 12 35 7 36 2 37 26 38 18 39 0 40 23 41 40 42 6 43 3 44 13 45 7 46 40 47 3 48 33 49 6 50 30 51 8 52 2 53 6 54 41 55 42 56 37 57 17 58 35 59 12 60 31 61 42 62 50 63 42 64 46 65 54 66 7 67 23 68
93 92 0 1 0 2 1 3 2 4 3 5 3 6 4 7 4 8 2 9 8 10 5 11 3 12 8 13 9 14 5 15 7 16 9 17 13 18 10 19 16 20 17 21 1 22 11 23 6 24 17 25 9 26 16 27 18 28 16 29 2 30 20 31 18 32 29 33 32 34 8 35 24 36 12 37 3 38 5 39 12 40 27 41 15 42 18 43 3 44 5 45 3 46 38 47 38 48 45 49 44 50 11 51 39 52 18 53 9 54 35 55 33 56 27 57 12 58 32 59 55 60 53 61 9 62 49 63 19 64 56 65 24 66 64 67 4 68 18 69 15 70 1 71 44 72 63 73 54 74 50 75 20 76 5 77 39 78 13 79 75 80 28 81 70 82 49 83 2 84 6 85 49 86 43 87 10 88 54 89 20 90 84 91 32 92
62 61 0 1 0 2 0 3 1 4 2 5 0 6 1 7 2 8 1 9 2 10 9 11 1 12 5 13 4 14 7 15 6 16 15 17 12 18 4 19 12 20 17 21 8 22 5 23 3 24 18 25 13 26 22 27 14 28 25 29 23 30 10 31 14 32 10 33 21 34 20 35 13 36 31 37 12 38 17 39 34 40 39 41 2 42 37 43 32 44 43 45 16 46 37 47 24 48 16 49 11 50 26 51 44 52 5 53 45 54 35 55 32 56 33 57 46 58 3 59 6 60 36 61
61 60 0 1 0 2 0 3 1 4 2 5 1 6 4 7 4 8 5 9 3 10 8 11 2 12 8 13 11 14 13 15 9 16 8 17 3 18 12 19 13 20 16 21 6 22 18 23 16 24 12 25 18 26 21 27 22 28 26 29 18 30 0 31 7 32 1 33 22 34 13 35 14 36 14 37 3 38 32 39 27 40 10 41 38 42 21 43 42 44 36 45 37 46 42 47 10 48 42 49 40 50 27 51 46 52 36 53 27 54 24 55 30 56 21 57 53 58 19 59 58 60
11 10 0 1 0 2 0 3 2 4 2 5 2 6 0 7 4 8 3 9 6 10
51 50 0 1 0 2 1 3 0 4 2 5 0 6 2 7 4 8 4 9 7 10 7 11 7 12 5 13 8 14 0 15 5 16 2 17 9 18 2 19 3 20 1 21 5 22 21 23 7 24 17 25 11 26 23 27 8 28 16 29 14 30 29 31 18 32 5 33 8 34 1 35 27 36 29 37 31 38 24 39 37 40 28 41 6 42 5 43 30 44 7 45 20 46 44 47 18 48 21 49 6 50
96 95 0 1 0 2 0 3 1 4 1 5 1 6 2 7 3 8 6 9 8 10 7 11 1 12 2 13 1 14 2 15 5 16 4 17 7 18 10 19 6 20 6 21 17 22 4 23 20 24 18 25 1 26 16 27 22 28 25 29 15 30 19 31 29 32 9 33 27 34 14 35 25 36 19 37 15 38 19 39 19 40 21 41 33 42 3 43 42 44 17 45 37 46 1 47 26 48 24 49 43 50 12 51 7 52 26 53 23 54 45 55 46 56 38 57 16 58 30 59 40 60 53 61 6 62 24 63 37 64 49 65 36 66 32 67 0 68 19 69 5 70 36 71 49 72 17 73 34 74 52 75 35 76 41 77 67 78 46 79 65 80 15 81 24 82 2 83 32 84 30 85 47 86 2 87 11 88 0 89 74 90 13 91 43 92 17 93 45 94 83 95
1 0
23 22 0 1 0 2 1 3 1 4 3 5 4 6 4 7 2 8 1 9 0 10 6 11 9 12 3 13 5 14 11 15 10 16 3 17 15 18 7 19 7 20 12 21 1 22
14 13 0 1 0 2 0 3 2 4 2 5 1 6 5 7 2 8 0 9 4 10 2 11 7 12 6 13
13 12 0 1 0 2 1 3 1 4 2 5 1 6 2 7 3 8 7 9 2 10 8 11 3 12
43 42 0 1 0 2 1 3 2 4 2 5 0 6 0 7 6 8 3 9 7 10 5 11 2 12 6 13 7 14 11 15 6 16 8 17 10 18 3 19 2 20 1 21 16 22 10 23 5 24 22 25 5 26 20 27 10 28 5 29 10 30 20 31 28 32 14 33 30 34 24 35 26 36 9 37 23 38 23 39 15 40 16 41 24 42
75 74 0 1 0 2 1 3 1 4 1 5 3 6 5 7 5 8 6 9 2 10 6 11 2 12 6 13 4 14 10 15 8 16 5 17 5 18 0 19 0 20 12 21 8 22 5 23 8 24 0 25 24 26 10 27 17 28 14 29 11 30 13 31 25 32 9 33 13 34 30 35 4 36 26 37 28 38 23 39 8 40 21 41 10 42 14 43 0 44 25 45 40 46 25 47 37 48 34 49 2 50 31 51 19 52 22 53 10 54 32 55 38 56 17 57 12 58 46 59 46 60 9 61 6 62 25 63 25 64 44 65 54 66 19 67 36 68 7 69 47 70 25 71 49 72 60 73 8 74
9 8 0 1 0 2 1 3 0 4 1 5 1 6 4 7 4 8
93 92 0 1 0 2 1 3 1 4 3 5 4 6 1 7 2 8 4 9 8 10 0 11 1 12 1 13 11 14 10 15 3 16 15 17 4 18 12 19 4 20 6 21 19 22 17 23 0 24 4 25 19 26 2 27 1 28 12 29 13 30 24 31 4 32 12 33 23 34 8 35 17 36 13 37 34 38 2 39 24 40 22 41 17 42 26 43 42 44 19 45 2 46 9 47 12 48 13 49 41 50 45 51 45 52 11 53 15 54 20 55 38 56 34 57 54 58 41 59 33 60 7 61 33 62 3 63 3 64 12 65 31 66 59 67 12 68 21 69 48 70 57 71 33 72 0 73 15 74 0 75 74 76 3 77 3 78 22 79 69 80 20 81 37 82 26 83 40 84 32 85 80 86 20 87 18 88 8 89 85 90 38 91 76 92
85 84 0 1 0 2 0 3 1 4 0 5 2 6 3 7 4 8 1 9 2 10 8 11 4 12 2 13 0 14 1 15 2 16 7 17 5 18 3 19 16 20 18 21 7 22 16 23 12 24 0 25 8 26 9 27 20 28 24 29 24 30 20 31 16 32 13 33 1 34 16 35 13 36 10 37 0 38 15 39 32 40 33 41 30 42 29 43 33 44 10 45 36 46 29 47 17 48 19 49 13 50 8 51 47 52 23 53 26 54 26 55 48 56 11 57 17 58 11 59 51 60 10 61 50 62 33 63 11 64 47 65 53 66 0 67 13 68 45 69 40 70 34 71 42 72 33 73 29 74 17 75 64 76 32 77 68 78 37 79 76 80 44 81 10 82 78 83 23 84
34 33 0 1 0 2 1 3 0 4 2 5 0 6 5 7 6 8 0 9 5 10 5 11 3 12 5 13 10 14 5 15 9 16 6 17 6 18 13 19 6 20 13 21 3 22 10 23 11 24 21 25 0 26 6 27 7 28 13 29 6 30 6 31 30 32 7 33
81 80 0 1 0 2 1 3 0 4 2 5 1 6 3 7 1 8 3 9 2 10 8 11 3 12 11 13 9 14 7 15 5 16 6 17 8 18 17 19 14 20 4 21 10 22 5 23 18 24 12 25 3 26 8 27 26 28 8 29 3 30 27 31 18 32 9 33 17 34 31 35 24 36 30 37 30 38 22 39 7 40 29 41 23 42 16 43 37 44 41 45 24 46 5 47 14 48 0 49 31 50 44 51 9 52 12 53 37 54 10 55 4 56 24 57 36 58 2 59 35 60 7 61 25 62 47 63 32 64 36 65 10 66 63 67 29 68 35 69 49 70 1 71 1 72 11 73 53 74 65 75 5 76 49 77 65 78 35 79 32 80
48 47 0 1 0 2 0 3 1 4 3 5 0 6 5 7 6 8 1 9 8 10 9 11 8 12 0 13 3 14 11 15 3 16 3 17 2 18 4 19 8 20 16 21 10 22 14 23 0 24 1 25 8 26 25 27 25 28 3 29 13 30 18 31 20 32 20 33 23 34 28 35 16 36 33 37 12 38 12 39 1 40 7 41 22 42 38 43 4 44 37 45 33 46 30 47
8 7 0 1 0 2 1 3 2 4 3 5 1 6 5 7
19 18 0 1 0 2 1 3 2 4 3 5 2 6 3 7 3 8 6 9 4 10 6 11 10 12 10 13 2 14 9 15 12 16 12 17 12 18
22 21 0 1 0 2 0 3 0 4 3 5 1 6 5 7 6 8 2 9 3 10 0 11 2 12 7 13 1 14 8 15 11 16 8 17 12 18 2 19 15 20 16 21
69 68 0 1 0 2 1 3 1 4 3 5 2 6 1 7 2 8 4 9 2 10 9 11 1 12 7 13 11 14 3 15 5 16 8 17 2 18 11 19 13 20 1 21 3 22 11 23 9 24 2 25 0 26 24 27 17 28 20 29 28 30 7 31 3 32 11 33 2 34 16 35 18 36 11 37 4 38 25 39 21 40 20 41 24 42 3 43 32 44 29 45 38 46 24 47 34 48 37 49 34 50 10 51 18 52 42 53 38 54 35 55 40 56 31 57 22 58 37 59 6 60 32 61 43 62 36 63 50 64 9 65 53 66 15 67 27 68
72 71 0 1 0 2 0 3 1 4 0 5 3 6 4 7 6 8 6 9 7 10 2 11 9 12 2 13 5 14 8 15 4 16 10 17 16 18 3 19 11 20 12 21 3 22 14 23 16 24 8 25 21 26 9 27 0 28 15 29 24 30 20 31 15 32 11 33 24 34 7 35 9 36 24 37 12 38 28 39 21 40 7 41 18 42 2 43 14 44 7 45 31 46 3 47 13 48 42 49 6 50 15 51 46 52 21 53 48 54 5 55 7 56 12 57 29 58 26 59 17 60 33 61 4 62 40 63 15 64 20 65 26 66 38 67 37 68 59 69 52 70 15 71
44 43 0 1 0 2 1 3 2 4 2 5 0 6 1 7 1 8 4 9 0 10 0 11 2 12 6 13 1 14 4 15 9 16 13 17 3 18 3 19 12 20 3 21 12 22 11 23 21 24 20 25 0 26 24 27 15 28 11 29 14 30 8 31 25 32 17 33 9 34 27 35 25 36 27 37 4 38 9 39 31 40 4 41 21 42 38 43
93 92 0 1 0 2 1 3 1 4 2 5 3 6 4 7 4 8 5 9 5 10 9 11 7 12 9 13 7 14 8 15 5 16 14 17 12 18 12 19 11 20 11 21 12 22 13 23 10 24 0 25 17 26 22 27 17 28 5 29 17 30 2 31 25 32 6 33 4 34 22 35 21 36 7 37 18 38 16 39 17 40 26 41 8 42 26 43 10 44 1 45 35 46 8 47 37 48 33 49 39 50 49 51 24 52 33 53 33 54 19 55 45 56 21 57 20 58 1 59 6 60 50 61 40 62 14 63 53 64 57 65 27 66 22 67 20 68 41 69 8 70 37 71 2 72 66 73 33 74 28 75 25 76 22 77 45 78 29 79 43 80 60 81 27 82 14 83 65 84 74 85 68 86 15 87 50 88 3 89 5 90 12 91 42 92
87 86 0 1 0 2 0 3 0 4 0 5 4 6 5 7 4 8 7 9 0 10 1 11 8 12 6 13 2 14 10 15 13 16 9 17 14 18 8 19 16 20 6 21 7 22 0 23 4 24 12 25 24 26 12 27 26 28 14 29 4 30 12 31 6 32 15 33 21 34 0 35 9 36 9 37 6 38 12 39 36 40 7 41 4 42 4 43 21 44 8 45 28 46 44 47 3 48 12 49 31 50 2 51 15 52 30 53 36 54 23 55 15 56 6 57 55 58 10 59 13 60 46 61 17 62 39 63 0 64 8 65 10 66 31 67 33 68 33 69 54 70 20 71 8 72 33 73 8 74 20 75 65 76 7 77 59 78 68 79 34 80 71 81 28 82 35 83 21 84 52 85 67 86
76 75 0 1 0 2 1 3 2 4 0 5 4 6 4 7 5 8 3 9 7 10 1 11 3 12 10 13 0 14 11 15 14 16 12 17 11 18 11 19 5 20 6 21 2 22 19 23 21 24 14 25 4 26 2 27 8 28 4 29 12 30 2 31 15 32 26 33 14 34 2 35 24 36 14 37 32 38 2 39 26 40 16 41 7 42 3 43 33 44 20 45 32 46 16 47 19 48 0 49 43 50 1 51 9 52 36 53 16 54 36 55 16 56 10 57 46 58 23 59 17 60 38 61 47 62 40 63 6 64 21 65 28 66 16 67 53 68 1 69 23 70 57 71 37 72 41 73 16 74 43 75
30 29 0 1 0 2 0 3 2 4 3 5 0 6 5 7 0 8 1 9 1 10 8 11 6 12 1 13 6 14 5 15 8 16 3 17 10 18 3 19 12 20 18 21 14 22 1 23 5 24 4 25 15 26 20 27 23 28 23 29
57 56 0 1 0 2 1 3 0 4 0 5 4 6 3 7 2 8 2 9 6 10 5 11 6 12 7 13 4 14 11 15 1 16 5 17 8 18 15 19 17 20 4 21 17 22 16 23 5 24 6 25 20 26 4 27 19 28 15 29 6 30 22 31 19 32 12 33 19 34 28 35 11 36 18 37 21 38 8 39 3 40 23 41 21 42 16 43 23 44 39 45 19 46 12 47 43 48 10 49 5 50 7 51 22 52 40 53 36 54 36 55 26 56
96 95 0 1 0 2 0 3 1 4 1 5 2 6 1 7 3 8 5 9 8 10 5 11 3 12 7 13 7 14 13 15 13 16 1 17 0 18 3 19 2 20 2 21 13 22 15 23 21 24 21 25 9 26 3 27 23 28 10 29 12 30 19 31 4 32 22 33 23 34 0 35 0 36 7 37 35 38 9 39 36 40 2 41 5 42 0 43 27 44 13 45 17 46 24 47 0 48 15 49 11 50 26 51 0 52 32 53 34 54 11 55 17 56 40 57 0 58 29 59 41 60 29 61 40 62 1 63 26 64 28 65 43 66 65 67 37 68 18 69 57 70 3 71 34 72 42 73 19 74 7 75 29 76 22 77 45 78 19 79 74 80 41 81 43 82 60 83 11 84 81 85 4 86 58 87 55 88 54 89 54 90 25 91 78 92 8 93 69 94 3 95
13 12 0 1 0 2 1 3 2 4 3 5 2 6 2 7 1 8 1 9 7 10 4 11 9 12
72 71 0 1 0 2 0 3 0 4 2 5 1 6 5 7 6 8 1 9 0 10 4 11 8 12 7 13 6 14 11 15 10 16 3 17 14 18 10 19 9 20 12 21 7 22 9 23 9 24 13 25 1 26 7 27 4 28 27 29 2 30 14 31 10 32 27 33 3 34 29 35 12 36 27 37 4 38 17 39 24 40 7 41 39 42 16 43 33 44 34 45 29 46 28 47 29 48 8 49 47 50 31 51 25 52 48 53 30 54 27 55 30 56 16 57 53 58 24 59 24 60 15 61 30 62 14 63 61 64 21 65 9 66 47 67 6 68 19 69 54 70 51 71
49 48 0 1 0 2 1 3 1 4 1 5 0 6 0 7 4 8 1 9 4 10 3 11 0 12 9 13 5 14 13 15 1 16 10 17 13 18 17 19 8 20 17 21 12 22 6 23 8 24 13 25 3 26 15 27 7 28 6 29 10 30 16 31 18 32 13 33 3 34 26 35 17 36 5 37 31 38 23 39 0 40 36 41 40 42 5 43 7 44 28 45 2 46 44 47 25 48
92 91 0 1 0 2 0 3 1 4 1 5 0 6 0 7 4 8 3 9 8 10 5 11 10 12 2 13 10 14 6 15 0 16 5 17 10 18 8 19 6 20 10 21 8 22 2 23 1 24 9 25 0 26 0 27 26 28 10 29 28 30 21 31 20 32 10 33 1 34 32 35 0 36 25 37 5 38 22 39 18 40 11 41 16 42 31 43 36 44 12 45 26 46 13 47 39 48 4 49 2 50 12 51 36 52 28 53 25 54 10 55 17 56 24 57 13 58 47 59 49 60 31 61 7 62 41 63 39 64 26 65 25 66 23 67 54 68 25 69 49 70 4 71 70 72 65 73 4 74 3 75 17 76 16 77 60 78 57 79 10 80 10 81 71 82 53 83 19 84 46 85 10 86 77 87 20 88 67 89 74 90 75 91
2 1 0 1
82 81 0 1 0 2 0 3 0 4 2 5 1 6 0 7 0 8 6 9 3 10 5 11 10 12 1 13 6 14 4 15 8 16 7 17 14 18 1 19 2 20 2 21 14 22 4 23 22 24 1 25 11 26 4 27 22 28 2 29 11 30 26 31 16 32 31 33 5 34 14 35 22 36 24 37 25 38 8 39 32 40 18 41 14 42 24 43 29 44 42 45 22 46 11 47 18 48 12 49 8 50 43 51 38 52 47 53 38 54 6 55 30 56 44 57 42 58 7 59 31 60 34 61 19 62 59 63 51 64 33 65 59 66 18 67 0 68 22 69 23 70 42 71 46 72 69 73 68 74 52 75 24 76 7 77 27 78 25 79 20 80 31 81
62 61 0 1 0 2 0 3 0 4 3 5 0 6 5 7 4 8 3 9 8 10 5 11 6 12 0 13 8 14 11 15 3 16 11 17 11 18 12 19 0 20 3 21 20 22 7 23 17 24 5 25 16 26 5 27 7 28 20 29 1 30 1 31 5 32 28 33 28 34 1 35 33 36 7 37 8 38 17 39 10 40 10 41 27 42 10 43 13 44 30 45 2 46 36 47 7 48 10 49 0 50 1 51 2 52 42 53 14 54 11 55 33 56 24 57 15 58 50 59 41 60 20 61
29 28 0 1 0 2 0 3 0 4 3 5 0 6 2 7 5 8 5 9 0 10 4 11 9 12 9 13 5 14 10 15 11 16 3 17 15 18 0 19 2 20 8 21 6 22 4 23 8 24 19 25 15 26 1 27 19 28
42 41 0 1 0 2 0 3 2 4 3 5 0 6 0 7 2 8 1 9 5 10 9 11 9 12 6 13 12 14 8 15 2 16 1 17 0 18 8 19 13 20 7 21 13 22 13 23 3 24 5 25 22 26 1 27 9 28 21 29 20 30 27 31 13 32 8 33 11 34 5 35 7 36 22 37 10 38 14 39 18 40 30 41
22 21 0 1 0 2 0 3 1 4 0 5 4 6 3 7 4 8 0 9 1 10 4 11 7 12 8 13 2 14 3 15 9 16 15 17 3 18 5 19 15 20 15 21
9 8 0 1 0 2 1 3 1 4 3 5 0 6 3 7 3 8
18 17 0 1 0 2 0 3 2 4 3 5 1 6 0 7 6 8 4 9 8 10 6 11 1 12 9 13 8 14 10 15 7 16 14 17
81 80 0 1 0 2 1 3 0 4 3 5 4 6 0 7 1 8 0 9 0 10 4 11 7 12 9 13 7 14 0 15 8 16 2 17 4 18 8 19 16 20 7 21 2 22 12 23 10 24 23 25 11 26 2 27 5 28 8 29 9 30 27 31 17 32 8 33 22 34 7 35 20 36 0 37 17 38 13 39 29 40 21 41 2 42 16 43 2 44 12 45 39 46 5 47 42 48 28 49 32 50 43 51 50 52 42 53 37 54 44 55 12 56 1 57 53 58 48 59 33 60 51 61 55 62 31 63 15 64 61 65 28 66 52 67 54 68 63 69 43 70 62 71 60 72 71 73 68 74 56 75 62 76 26 77 66 78 30 79 12 80
48 47 0 1 0 2 0 3 0 4 0 5 3 6 0 7 1 8 6 9 8 10 4 11 2 12 2 13 7 14 10 15 9 16 8 17 15 18 3 19 9 20 10 21 2 22 13 23 18 24 19 25 13 26 3 27 17 28 23 29 22 30 6 31 22 32 0 33 22 34 6 35 33 36 20 37 27 38 2 39 6 40 20 41 7 42 18 43 36 44 30 45 25 46 40 47
47 46 0 1 0 2 0 3 1 4 0 5 1 6 1 7 2 8 3 9 1 10 4 11 10 12 3 13 2 14 13 15 2 16 15 17 9 18 7 19 17 20 6 21 1 22 17 23 10 24 21 25 13 26 12 27 19 28 9 29 17 30 26 31 30 32 12 33 8 34 24 35 24 36 19 37 8 38 6 39 17 40 25 41 39 42 7 43 41 44 35 45 19 46
62 61 0 1 0 2 1 3 2 4 2 5 1 6 4 7 0 8 7 9 4 10 7 11 10 12 6 13 7 14 2 15 0 16 7 17 7 18 10 19 17 20 17 21 9 22 18 23 19 24 20 25 18 26 25 27 0 28 0 29 13 30 20 31 19 32 16 33 7 34 29 35 31 36 5 37 0 38 28 39 25 40 10 41 8 42 41 43 19 44 10 45 26 46 37 47 18 48 16 49 29 50 2 51 23 52 39 53 22 54 10 55 26 56 34 57 15 58 36 59 49 60 20 61
22 21 0 1 0 2 1 3 0 4 3 5 0 6 3 7 1 8 5 9 1 10 0 11 9 12 0 13 6 14 8 15 3 16 5 17 0 18 15 19 0 20 16 21
6 5 0 1 0 2 0 3 2 4 1 5
